0.0197368421053 0.0372807017544 0.00657894736842 0.142543859649 0.0328947368421 0.0285087719298 0.0285087719298 0.0723684210526 0.0592105263158 0.0285087719298 0.0328947368421 0.120614035088 0.0679824561404 0.0372807017544 0.0197368421053 0.0241228070175 0.0723684210526 0.0328947368421 0.0504385964912 0.0855263157895 
0.0407608695652 0.0298913043478 0.00815217391304 0.0679347826087 0.0896739130435 0.100543478261 0.0951086956522 0.00815217391304 0.0625 0.00271739130435 0.0516304347826 0.0461956521739 0.0353260869565 0.0788043478261 0.00271739130435 0.0135869565217 0.0842391304348 0.122282608696 0.0298913043478 0.0298913043478 
0.025 0.00833333333333 0.0583333333333 0.0583333333333 0.025 0.0416666666667 0.00833333333333 0.258333333333 0.00833333333333 0.0416666666667 0.00833333333333 0.00833333333333 0.0916666666667 0.00833333333333 0.0583333333333 0.00833333333333 0.025 0.125 0.0916666666667 0.0416666666667 
0.075 0.0613636363636 0.0340909090909 0.0386363636364 0.0295454545455 0.0340909090909 0.0568181818182 0.0113636363636 0.0340909090909 0.0204545454545 0.0159090909091 0.111363636364 0.0477272727273 0.0795454545455 0.106818181818 0.0704545454545 0.025 0.0295454545455 0.111363636364 0.00681818181818 
0.0277777777778 0.0198412698413 0.0912698412698 0.0674603174603 0.00396825396825 0.0436507936508 0.0198412698413 0.0515873015873 0.0277777777778 0.123015873016 0.0595238095238 0.0436507936508 0.0277777777778 0.0357142857143 0.0357142857143 0.0674603174603 0.0436507936508 0.107142857143 0.0753968253968 0.0277777777778 
0.0353535353535 0.0555555555556 0.0858585858586 0.0555555555556 0.0353535353535 0.0555555555556 0.00505050505051 0.0555555555556 0.106060606061 0.0555555555556 0.0656565656566 0.0656565656566 0.0454545454545 0.0555555555556 0.0353535353535 0.0151515151515 0.0555555555556 0.0454545454545 0.0252525252525 0.0454545454545 
0.037216828479 0.0339805825243 0.046925566343 0.0275080906149 0.046925566343 0.0436893203883 0.037216828479 0.037216828479 0.0631067961165 0.088996763754 0.0275080906149 0.0566343042071 0.0922330097087 0.0857605177994 0.0598705501618 0.0533980582524 0.0857605177994 0.0210355987055 0.0307443365696 0.0242718446602 
0.0656565656566 0.0555555555556 0.0151515151515 0.0353535353535 0.0656565656566 0.0252525252525 0.0555555555556 0.106060606061 0.0353535353535 0.00505050505051 0.0555555555556 0.0757575757576 0.0656565656566 0.00505050505051 0.0555555555556 0.106060606061 0.00505050505051 0.0151515151515 0.0858585858586 0.0656565656566 
0.123529411765 0.1 0.0294117647059 0.00588235294118 0.0294117647059 0.0764705882353 0.0529411764706 0.0882352941176 0.00588235294118 0.0294117647059 0.0176470588235 0.0411764705882 0.0529411764706 0.0294117647059 0.0176470588235 0.00588235294118 0.158823529412 0.0882352941176 0.0294117647059 0.0176470588235 
0.0748031496063 0.0196850393701 0.0511811023622 0.0826771653543 0.0590551181102 0.0354330708661 0.0275590551181 0.0275590551181 0.011811023622 0.0275590551181 0.0826771653543 0.00393700787402 0.0748031496063 0.0433070866142 0.0826771653543 0.0669291338583 0.0433070866142 0.0433070866142 0.0748031496063 0.0669291338583 
0.0347593582888 0.0614973262032 0.0561497326203 0.0454545454545 0.131016042781 0.0454545454545 0.00267379679144 0.0454545454545 0.00267379679144 0.072192513369 0.0561497326203 0.0454545454545 0.0454545454545 0.0508021390374 0.0347593582888 0.0508021390374 0.0614973262032 0.072192513369 0.0294117647059 0.0561497326203 
0.0217391304348 0.0900621118012 0.121118012422 0.0465838509317 0.027950310559 0.108695652174 0.027950310559 0.0652173913043 0.00310559006211 0.0962732919255 0.0465838509317 0.0527950310559 0.00310559006211 0.0341614906832 0.0155279503106 0.0465838509317 0.0217391304348 0.0900621118012 0.0527950310559 0.027950310559 
0.0861111111111 0.0527777777778 0.025 0.00833333333333 0.0527777777778 0.0472222222222 0.0583333333333 0.0472222222222 0.0527777777778 0.130555555556 0.0194444444444 0.075 0.0138888888889 0.0527777777778 0.00833333333333 0.0361111111111 0.00833333333333 0.0527777777778 0.0694444444444 0.102777777778 
0.0373134328358 0.0820895522388 0.0223880597015 0.0671641791045 0.0671641791045 0.0422885572139 0.0223880597015 0.0223880597015 0.0223880597015 0.0373134328358 0.0373134328358 0.0273631840796 0.0572139303483 0.0572139303483 0.047263681592 0.0522388059701 0.0522388059701 0.047263681592 0.121890547264 0.0771144278607 
0.00793650793651 0.150793650794 0.0238095238095 0.0238095238095 0.00793650793651 0.134920634921 0.0873015873016 0.00793650793651 0.103174603175 0.0238095238095 0.0238095238095 0.0238095238095 0.0396825396825 0.00793650793651 0.0238095238095 0.0714285714286 0.00793650793651 0.119047619048 0.0396825396825 0.0714285714286 
0.128571428571 0.0619047619048 0.0904761904762 0.185714285714 0.0333333333333 0.0047619047619 0.0142857142857 0.0714285714286 0.0238095238095 0.0619047619048 0.0142857142857 0.0142857142857 0.0619047619048 0.0142857142857 0.0428571428571 0.0047619047619 0.0428571428571 0.0428571428571 0.0142857142857 0.0714285714286 
0.011811023622 0.0354330708661 0.0511811023622 0.0433070866142 0.0669291338583 0.0748031496063 0.0354330708661 0.0590551181102 0.0748031496063 0.0748031496063 0.0196850393701 0.011811023622 0.0984251968504 0.0590551181102 0.011811023622 0.0354330708661 0.0905511811024 0.0984251968504 0.011811023622 0.0354330708661 
0.0309734513274 0.137168141593 0.101769911504 0.0398230088496 0.0752212389381 0.0221238938053 0.00442477876106 0.0132743362832 0.0486725663717 0.0221238938053 0.0132743362832 0.0663716814159 0.110619469027 0.0398230088496 0.0929203539823 0.0132743362832 0.0929203539823 0.00442477876106 0.0486725663717 0.0221238938053 
0.0880952380952 0.0261904761905 0.0595238095238 0.0309523809524 0.00238095238095 0.111904761905 0.0261904761905 0.0214285714286 0.0642857142857 0.0452380952381 0.0214285714286 0.05 0.00714285714286 0.135714285714 0.111904761905 0.0166666666667 0.0833333333333 0.0261904761905 0.05 0.0214285714286 
0.0198412698413 0.0992063492063 0.0753968253968 0.0357142857143 0.0198412698413 0.0515873015873 0.0992063492063 0.0198412698413 0.0198412698413 0.0992063492063 0.0277777777778 0.0595238095238 0.0436507936508 0.0119047619048 0.0674603174603 0.0515873015873 0.123015873016 0.0277777777778 0.0198412698413 0.0277777777778 
0.0663716814159 0.0221238938053 0.0663716814159 0.0221238938053 0.119469026549 0.0486725663717 0.119469026549 0.0486725663717 0.0309734513274 0.0486725663717 0.0486725663717 0.0132743362832 0.0752212389381 0.0486725663717 0.0221238938053 0.0309734513274 0.0752212389381 0.00442477876106 0.0132743362832 0.0752212389381 
0.0045045045045 0.0855855855856 0.0045045045045 0.112612612613 0.0315315315315 0.13963963964 0.0135135135135 0.0315315315315 0.0315315315315 0.0045045045045 0.0765765765766 0.0045045045045 0.0045045045045 0.0585585585586 0.13963963964 0.121621621622 0.0855855855856 0.0225225225225 0.0045045045045 0.0225225225225 
0.0436507936508 0.00396825396825 0.0595238095238 0.0277777777778 0.0198412698413 0.00396825396825 0.178571428571 0.0436507936508 0.115079365079 0.0119047619048 0.0436507936508 0.0198412698413 0.0119047619048 0.0674603174603 0.107142857143 0.0357142857143 0.107142857143 0.0674603174603 0.00396825396825 0.0277777777778 
0.0642076502732 0.0532786885246 0.0314207650273 0.0724043715847 0.0368852459016 0.0724043715847 0.0368852459016 0.0204918032787 0.0341530054645 0.0724043715847 0.0450819672131 0.0560109289617 0.0450819672131 0.00409836065574 0.094262295082 0.0833333333333 0.0532786885246 0.0286885245902 0.0286885245902 0.0669398907104 
0.0590062111801 0.0403726708075 0.0465838509317 0.0652173913043 0.00931677018634 0.0341614906832 0.0527950310559 0.0590062111801 0.0217391304348 0.0465838509317 0.027950310559 0.0652173913043 0.0217391304348 0.10248447205 0.0590062111801 0.0217391304348 0.0714285714286 0.10248447205 0.0590062111801 0.0341614906832 
0.00322580645161 0.041935483871 0.145161290323 0.0161290322581 0.041935483871 0.0548387096774 0.0290322580645 0.0161290322581 0.11935483871 0.0741935483871 0.0290322580645 0.0548387096774 0.0290322580645 0.0741935483871 0.0548387096774 0.0290322580645 0.0225806451613 0.0290322580645 0.0612903225806 0.0741935483871 
0.044014084507 0.0757042253521 0.0369718309859 0.0968309859155 0.0299295774648 0.0897887323944 0.0862676056338 0.0369718309859 0.0510563380282 0.0264084507042 0.0334507042254 0.0510563380282 0.0475352112676 0.0369718309859 0.044014084507 0.0510563380282 0.0264084507042 0.0334507042254 0.0580985915493 0.044014084507 
0.0151515151515 0.0959595959596 0.0151515151515 0.19696969697 0.0555555555556 0.0959595959596 0.00505050505051 0.0252525252525 0.00505050505051 0.116161616162 0.0151515151515 0.0353535353535 0.00505050505051 0.116161616162 0.0353535353535 0.0858585858586 0.0252525252525 0.0252525252525 0.00505050505051 0.0252525252525 
0.0553278688525 0.0635245901639 0.0225409836066 0.0922131147541 0.0430327868852 0.0512295081967 0.0389344262295 0.0266393442623 0.0799180327869 0.100409836066 0.0717213114754 0.030737704918 0.0635245901639 0.00614754098361 0.0184426229508 0.116803278689 0.0594262295082 0.030737704918 0.0102459016393 0.0184426229508 
0.095041322314 0.0454545454545 0.0702479338843 0.0206611570248 0.0206611570248 0.0537190082645 0.0371900826446 0.0371900826446 0.095041322314 0.0537190082645 0.00413223140496 0.0289256198347 0.0619834710744 0.0206611570248 0.0371900826446 0.0867768595041 0.0289256198347 0.0371900826446 0.00413223140496 0.161157024793 
0.0315315315315 0.103603603604 0.0405405405405 0.0405405405405 0.0135135135135 0.0315315315315 0.112612612613 0.0135135135135 0.0045045045045 0.13963963964 0.0765765765766 0.0135135135135 0.0135135135135 0.0315315315315 0.0405405405405 0.121621621622 0.0945945945946 0.0225225225225 0.0135135135135 0.0405405405405 
0.0215517241379 0.0818965517241 0.0387931034483 0.00431034482759 0.0301724137931 0.0215517241379 0.0560344827586 0.0215517241379 0.0560344827586 0.10775862069 0.0301724137931 0.0215517241379 0.0215517241379 0.0387931034483 0.0387931034483 0.280172413793 0.0387931034483 0.00431034482759 0.0387931034483 0.0474137931034 
0.00373134328358 0.0932835820896 0.0410447761194 0.100746268657 0.0858208955224 0.0783582089552 0.0708955223881 0.0410447761194 0.0559701492537 0.0708955223881 0.0186567164179 0.0261194029851 0.0410447761194 0.0335820895522 0.00373134328358 0.0186567164179 0.00373134328358 0.0261194029851 0.0708955223881 0.115671641791 
0.0641025641026 0.0384615384615 0.0164835164835 0.0531135531136 0.0714285714286 0.0457875457875 0.0567765567766 0.0384615384615 0.0201465201465 0.0238095238095 0.0457875457875 0.0311355311355 0.137362637363 0.0311355311355 0.0934065934066 0.0677655677656 0.0164835164835 0.0494505494505 0.0311355311355 0.0677655677656 
0.0452380952381 0.0928571428571 0.107142857143 0.0214285714286 0.0595238095238 0.00714285714286 0.0547619047619 0.0404761904762 0.0404761904762 0.0166666666667 0.0547619047619 0.0404761904762 0.0214285714286 0.0547619047619 0.0452380952381 0.0309523809524 0.169047619048 0.0119047619048 0.0309523809524 0.0547619047619 
0.1 0.0379310344828 0.0172413793103 0.113793103448 0.0172413793103 0.0241379310345 0.00344827586207 0.0724137931034 0.051724137931 0.0724137931034 0.0103448275862 0.0862068965517 0.00344827586207 0.00344827586207 0.0448275862069 0.051724137931 0.00344827586207 0.0586206896552 0.148275862069 0.0793103448276 
0.0767045454545 0.150568181818 0.0539772727273 0.0482954545455 0.0710227272727 0.0426136363636 0.0426136363636 0.0369318181818 0.03125 0.0767045454545 0.03125 0.00852272727273 0.0482954545455 0.0142045454545 0.0198863636364 0.110795454545 0.0539772727273 0.0255681818182 0.0142045454545 0.0426136363636 
0.005 0.045 0.075 0.025 0.045 0.075 0.005 0.025 0.015 0.045 0.135 0.015 0.005 0.085 0.155 0.025 0.165 0.005 0.025 0.025 
0.0844748858447 0.0388127853881 0.0479452054795 0.0525114155251 0.0616438356164 0.0251141552511 0.0662100456621 0.0479452054795 0.107305936073 0.0296803652968 0.0114155251142 0.0479452054795 0.0114155251142 0.0662100456621 0.0570776255708 0.0662100456621 0.0296803652968 0.0707762557078 0.0433789954338 0.0342465753425 
0.0436507936508 0.0515873015873 0.0436507936508 0.00396825396825 0.0357142857143 0.138888888889 0.0119047619048 0.0119047619048 0.00396825396825 0.0515873015873 0.115079365079 0.0515873015873 0.0674603174603 0.0674603174603 0.0277777777778 0.0198412698413 0.0992063492063 0.107142857143 0.0198412698413 0.0277777777778 
0.0245901639344 0.0191256830601 0.0136612021858 0.0300546448087 0.0792349726776 0.0573770491803 0.0573770491803 0.0300546448087 0.0245901639344 0.0355191256831 0.0409836065574 0.18306010929 0.0409836065574 0.0136612021858 0.0956284153005 0.0355191256831 0.0737704918033 0.051912568306 0.0355191256831 0.0573770491803 
0.0130208333333 0.0546875 0.0338541666667 0.0963541666667 0.0963541666667 0.0234375 0.0911458333333 0.0807291666667 0.0130208333333 0.0234375 0.0182291666667 0.1171875 0.0182291666667 0.0442708333333 0.0442708333333 0.0338541666667 0.0390625 0.0651041666667 0.0130208333333 0.0807291666667 
0.00352112676056 0.116197183099 0.0387323943662 0.109154929577 0.0316901408451 0.0457746478873 0.0176056338028 0.0528169014085 0.0528169014085 0.0316901408451 0.0246478873239 0.0246478873239 0.0528169014085 0.0246478873239 0.0246478873239 0.0669014084507 0.0246478873239 0.0880281690141 0.12323943662 0.0457746478873 
0.0108695652174 0.0978260869565 0.0253623188406 0.0326086956522 0.0471014492754 0.0688405797101 0.0760869565217 0.0833333333333 0.0471014492754 0.0036231884058 0.054347826087 0.0471014492754 0.0036231884058 0.221014492754 0.0036231884058 0.0253623188406 0.0326086956522 0.0615942028986 0.0108695652174 0.0471014492754 
0.102272727273 0.0113636363636 0.0265151515152 0.0340909090909 0.094696969697 0.0795454545455 0.0265151515152 0.0189393939394 0.0643939393939 0.0340909090909 0.0416666666667 0.0643939393939 0.0189393939394 0.0416666666667 0.102272727273 0.117424242424 0.0492424242424 0.0265151515152 0.0340909090909 0.0113636363636 
0.00505050505051 0.00505050505051 0.0723905723906 0.0185185185185 0.0925925925926 0.0521885521886 0.0622895622896 0.0286195286195 0.0892255892256 0.0892255892256 0.0892255892256 0.106060606061 0.0454545454545 0.0353535353535 0.0286195286195 0.0117845117845 0.0286195286195 0.0488215488215 0.0387205387205 0.0521885521886 
0.0816993464052 0.0228758169935 0.0555555555556 0.0751633986928 0.00326797385621 0.0359477124183 0.0228758169935 0.0490196078431 0.0294117647059 0.0294117647059 0.0686274509804 0.0882352941176 0.0882352941176 0.0686274509804 0.0882352941176 0.0947712418301 0.00980392156863 0.0555555555556 0.00980392156863 0.0228758169935 
0.0748502994012 0.0449101796407 0.0329341317365 0.0269461077844 0.0449101796407 0.116766467066 0.00898203592814 0.00299401197605 0.122754491018 0.0329341317365 0.00299401197605 0.0389221556886 0.140718562874 0.0868263473054 0.0508982035928 0.0269461077844 0.0329341317365 0.0389221556886 0.0389221556886 0.0329341317365 
0.0530303030303 0.104545454545 0.0863636363636 0.0742424242424 0.0439393939394 0.0439393939394 0.0348484848485 0.0348484848485 0.0378787878788 0.0227272727273 0.0227272727273 0.0863636363636 0.0106060606061 0.0590909090909 0.0257575757576 0.080303030303 0.0227272727273 0.0378787878788 0.0681818181818 0.05 
0.0241379310345 0.0379310344828 0.127586206897 0.1 0.0862068965517 0.051724137931 0.051724137931 0.0103448275862 0.0172413793103 0.0862068965517 0.0241379310345 0.0310344827586 0.0103448275862 0.0724137931034 0.113793103448 0.0586206896552 0.0172413793103 0.0241379310345 0.00344827586207 0.051724137931 
0.0172413793103 0.0862068965517 0.0632183908046 0.00574712643678 0.0287356321839 0.0172413793103 0.00574712643678 0.051724137931 0.051724137931 0.0172413793103 0.0862068965517 0.120689655172 0.00574712643678 0.0287356321839 0.051724137931 0.14367816092 0.120689655172 0.00574712643678 0.0747126436782 0.0172413793103 
0.068345323741 0.0179856115108 0.0179856115108 0.0539568345324 0.0107913669065 0.0323741007194 0.0395683453237 0.0539568345324 0.0755395683453 0.0539568345324 0.0755395683453 0.00359712230216 0.0251798561151 0.0395683453237 0.0755395683453 0.0179856115108 0.0251798561151 0.0467625899281 0.111510791367 0.154676258993 
0.0444915254237 0.0529661016949 0.00635593220339 0.0402542372881 0.0572033898305 0.0783898305085 0.0741525423729 0.129237288136 0.00635593220339 0.0487288135593 0.0148305084746 0.0402542372881 0.0699152542373 0.116525423729 0.0360169491525 0.0656779661017 0.0021186440678 0.0317796610169 0.0656779661017 0.0190677966102 
0.0533769063181 0.0381263616558 0.0490196078431 0.0751633986928 0.0228758169935 0.101307189542 0.0337690631808 0.0511982570806 0.0773420479303 0.0708061002179 0.0708061002179 0.0294117647059 0.0599128540305 0.0381263616558 0.0359477124183 0.0533769063181 0.0272331154684 0.0315904139434 0.0119825708061 0.0686274509804 
0.0568862275449 0.0149700598802 0.0868263473054 0.110778443114 0.0568862275449 0.0688622754491 0.062874251497 0.0808383233533 0.0209580838323 0.0449101796407 0.0209580838323 0.0808383233533 0.0269461077844 0.0209580838323 0.0988023952096 0.0329341317365 0.0508982035928 0.00898203592814 0.0149700598802 0.0389221556886 
0.0823665893271 0.0220417633411 0.0429234338747 0.0336426914153 0.0290023201856 0.0406032482599 0.0614849187935 0.0104408352668 0.0313225058005 0.038283062645 0.0406032482599 0.103248259861 0.0800464037123 0.0406032482599 0.0522041763341 0.0614849187935 0.0290023201856 0.0498839907193 0.0800464037123 0.0707656612529 
0.0698529411765 0.128676470588 0.0551470588235 0.0772058823529 0.0625 0.0477941176471 0.0625 0.0183823529412 0.0698529411765 0.0404411764706 0.0404411764706 0.0110294117647 0.0919117647059 0.0625 0.0183823529412 0.0477941176471 0.0257352941176 0.0110294117647 0.0551470588235 0.00367647058824 
0.0661375661376 0.0132275132275 0.0555555555556 0.0449735449735 0.103174603175 0.0502645502646 0.0396825396825 0.0820105820106 0.0873015873016 0.0238095238095 0.0396825396825 0.0132275132275 0.0238095238095 0.0714285714286 0.00793650793651 0.119047619048 0.0026455026455 0.0343915343915 0.0820105820106 0.0396825396825 
0.022633744856 0.0432098765432 0.0185185185185 0.121399176955 0.0761316872428 0.0843621399177 0.059670781893 0.0267489711934 0.022633744856 0.100823045267 0.0102880658436 0.059670781893 0.059670781893 0.0349794238683 0.059670781893 0.0679012345679 0.0185185185185 0.0514403292181 0.0267489711934 0.0349794238683 
0.0427927927928 0.123873873874 0.0608108108108 0.0472972972973 0.0518018018018 0.0472972972973 0.0923423423423 0.0292792792793 0.0337837837838 0.0833333333333 0.0337837837838 0.0653153153153 0.0202702702703 0.0743243243243 0.0247747747748 0.0247747747748 0.0698198198198 0.0292792792793 0.0337837837838 0.0112612612613 
0.0371621621622 0.0168918918919 0.0439189189189 0.0777027027027 0.00337837837838 0.0236486486486 0.0709459459459 0.0439189189189 0.0439189189189 0.0101351351351 0.0777027027027 0.111486486486 0.0371621621622 0.0371621621622 0.0236486486486 0.0236486486486 0.0506756756757 0.097972972973 0.0912162162162 0.0777027027027 
0.0454545454545 0.0636363636364 0.0272727272727 0.02 0.0490909090909 0.00909090909091 0.0672727272727 0.0672727272727 0.0381818181818 0.0563636363636 0.121818181818 0.0745454545455 0.0745454545455 0.0127272727273 0.0345454545455 0.0636363636364 0.0272727272727 0.0381818181818 0.0963636363636 0.0127272727273 
0.0771276595745 0.0239361702128 0.0718085106383 0.00797872340426 0.0398936170213 0.0345744680851 0.0132978723404 0.0664893617021 0.0664893617021 0.0984042553191 0.0664893617021 0.0239361702128 0.0186170212766 0.0452127659574 0.0771276595745 0.0398936170213 0.125 0.00797872340426 0.0186170212766 0.0771276595745 
0.107843137255 0.0294117647059 0.0686274509804 0.107843137255 0.00980392156863 0.0490196078431 0.00980392156863 0.0490196078431 0.0882352941176 0.0490196078431 0.0490196078431 0.00980392156863 0.00980392156863 0.0686274509804 0.0686274509804 0.0490196078431 0.0294117647059 0.0882352941176 0.00980392156863 0.0490196078431 
0.0429864253394 0.0610859728507 0.110859728507 0.0475113122172 0.079185520362 0.0656108597285 0.0882352941176 0.00678733031674 0.0203619909502 0.0746606334842 0.0656108597285 0.0203619909502 0.0339366515837 0.0158371040724 0.0339366515837 0.0294117647059 0.0384615384615 0.052036199095 0.0972850678733 0.0158371040724 
0.0756097560976 0.0170731707317 0.0219512195122 0.0609756097561 0.0170731707317 0.0707317073171 0.00243902439024 0.0317073170732 0.1 0.0707317073171 0.090243902439 0.0317073170732 0.0219512195122 0.0121951219512 0.129268292683 0.00731707317073 0.0317073170732 0.0609756097561 0.0609756097561 0.0853658536585 
0.00566037735849 0.0735849056604 0.0509433962264 0.0132075471698 0.0132075471698 0.0207547169811 0.0471698113208 0.0320754716981 0.0509433962264 0.0698113207547 0.0811320754717 0.0811320754717 0.0849056603774 0.0698113207547 0.0245283018868 0.088679245283 0.0320754716981 0.0584905660377 0.0358490566038 0.0660377358491 
0.104519774011 0.0254237288136 0.00847457627119 0.0367231638418 0.0254237288136 0.0480225988701 0.0706214689266 0.0932203389831 0.0875706214689 0.0367231638418 0.0819209039548 0.00282485875706 0.0536723163842 0.0649717514124 0.0367231638418 0.0819209039548 0.00847457627119 0.0649717514124 0.0141242937853 0.0536723163842 
0.0397489539749 0.0564853556485 0.0188284518828 0.0313807531381 0.0648535564854 0.00627615062762 0.0230125523013 0.0230125523013 0.0481171548117 0.0313807531381 0.0523012552301 0.0774058577406 0.0606694560669 0.165271966527 0.010460251046 0.0230125523013 0.0355648535565 0.0732217573222 0.0481171548117 0.110878661088 
0.116822429907 0.0233644859813 0.00467289719626 0.00467289719626 0.107476635514 0.182242990654 0.0607476635514 0.0233644859813 0.0514018691589 0.0327102803738 0.0420560747664 0.0514018691589 0.0514018691589 0.0420560747664 0.0981308411215 0.0140186915888 0.00467289719626 0.0327102803738 0.0420560747664 0.0140186915888 
0.0630733944954 0.0309633027523 0.0355504587156 0.0584862385321 0.0401376146789 0.0584862385321 0.0561926605505 0.0424311926606 0.0607798165138 0.0355504587156 0.0240825688073 0.0355504587156 0.0401376146789 0.026376146789 0.0630733944954 0.0355504587156 0.0860091743119 0.0378440366972 0.0676605504587 0.102064220183 
0.0113122171946 0.0837104072398 0.0701357466063 0.0203619909502 0.0882352941176 0.115384615385 0.0475113122172 0.00678733031674 0.0113122171946 0.0927601809955 0.0837104072398 0.0475113122172 0.079185520362 0.0294117647059 0.0701357466063 0.0656108597285 0.0248868778281 0.0158371040724 0.0294117647059 0.00678733031674 
0.0635964912281 0.0679824561404 0.00657894736842 0.094298245614 0.0723684210526 0.0328947368421 0.0372807017544 0.00219298245614 0.0328947368421 0.0592105263158 0.0460526315789 0.0416666666667 0.0767543859649 0.0811403508772 0.0855263157895 0.0372807017544 0.0416666666667 0.0416666666667 0.0416666666667 0.0372807017544 
0.0552325581395 0.0959302325581 0.078488372093 0.0436046511628 0.0668604651163 0.0610465116279 0.00290697674419 0.0203488372093 0.0145348837209 0.0203488372093 0.0377906976744 0.0145348837209 0.0494186046512 0.078488372093 0.0726744186047 0.0436046511628 0.0552325581395 0.078488372093 0.0843023255814 0.0261627906977 
0.0336538461538 0.0144230769231 0.0336538461538 0.0336538461538 0.0625 0.0144230769231 0.0625 0.158653846154 0.0817307692308 0.0913461538462 0.0144230769231 0.0240384615385 0.0625 0.110576923077 0.0144230769231 0.0144230769231 0.0721153846154 0.0240384615385 0.0240384615385 0.0528846153846 
0.0335820895522 0.00373134328358 0.0485074626866 0.0335820895522 0.0335820895522 0.0261194029851 0.0634328358209 0.0111940298507 0.100746268657 0.108208955224 0.0634328358209 0.0111940298507 0.0335820895522 0.0335820895522 0.0261194029851 0.130597014925 0.0261194029851 0.0485074626866 0.108208955224 0.0559701492537 
0.165322580645 0.0846774193548 0.0443548387097 0.0201612903226 0.0282258064516 0.0604838709677 0.0282258064516 0.0443548387097 0.149193548387 0.0120967741935 0.00403225806452 0.0362903225806 0.0201612903226 0.00403225806452 0.00403225806452 0.0362903225806 0.0282258064516 0.100806451613 0.100806451613 0.0282258064516 
0.104330708661 0.0255905511811 0.0610236220472 0.0492125984252 0.0531496062992 0.0531496062992 0.0216535433071 0.0334645669291 0.0610236220472 0.0452755905512 0.00590551181102 0.0295275590551 0.0570866141732 0.0688976377953 0.0531496062992 0.0374015748031 0.0137795275591 0.0807086614173 0.100393700787 0.0452755905512 
0.0709459459459 0.0101351351351 0.0574324324324 0.0101351351351 0.0844594594595 0.0304054054054 0.097972972973 0.0236486486486 0.0236486486486 0.0304054054054 0.0304054054054 0.0777027027027 0.0304054054054 0.0844594594595 0.0641891891892 0.0439189189189 0.0304054054054 0.125 0.0101351351351 0.0641891891892 
0.0649202733485 0.0489749430524 0.0558086560364 0.0694760820046 0.0353075170843 0.0489749430524 0.0193621867882 0.0353075170843 0.0854214123007 0.0398633257403 0.0466970387244 0.0239179954442 0.0603644646925 0.0170842824601 0.0649202733485 0.0558086560364 0.0740318906606 0.0535307517084 0.0740318906606 0.0261958997722 
0.02734375 0.04296875 0.02734375 0.10546875 0.02734375 0.04296875 0.08203125 0.01953125 0.01953125 0.01171875 0.04296875 0.06640625 0.06640625 0.05078125 0.02734375 0.01171875 0.08984375 0.04296875 0.01953125 0.17578125 
0.110759493671 0.0474683544304 0.0411392405063 0.0664556962025 0.0474683544304 0.0474683544304 0.0284810126582 0.0727848101266 0.104430379747 0.00949367088608 0.0221518987342 0.0601265822785 0.0221518987342 0.0348101265823 0.0474683544304 0.0284810126582 0.0917721518987 0.0411392405063 0.0601265822785 0.0158227848101 
0.0487012987013 0.0162337662338 0.00974025974026 0.107142857143 0.00974025974026 0.0357142857143 0.0681818181818 0.0162337662338 0.126623376623 0.0487012987013 0.0292207792208 0.0357142857143 0.0162337662338 0.0551948051948 0.0746753246753 0.0616883116883 0.0162337662338 0.0681818181818 0.00324675324675 0.152597402597 
0.0305164319249 0.0258215962441 0.0633802816901 0.0305164319249 0.0399061032864 0.0727699530516 0.0774647887324 0.0774647887324 0.0305164319249 0.0399061032864 0.0727699530516 0.0258215962441 0.0258215962441 0.0633802816901 0.0492957746479 0.00704225352113 0.0774647887324 0.100938967136 0.0492957746479 0.0399061032864 
0.0648734177215 0.0838607594937 0.0363924050633 0.0268987341772 0.0427215189873 0.0553797468354 0.0363924050633 0.0965189873418 0.0933544303797 0.0332278481013 0.0395569620253 0.0110759493671 0.0933544303797 0.0712025316456 0.0458860759494 0.0553797468354 0.0585443037975 0.0300632911392 0.00158227848101 0.0237341772152 
0.0342741935484 0.0342741935484 0.0987903225806 0.0383064516129 0.0302419354839 0.0745967741935 0.0463709677419 0.0423387096774 0.0504032258065 0.0302419354839 0.0423387096774 0.114919354839 0.0100806451613 0.0302419354839 0.054435483871 0.070564516129 0.0826612903226 0.0141129032258 0.0745967741935 0.0262096774194 
0.0180722891566 0.0421686746988 0.078313253012 0.0903614457831 0.114457831325 0.00602409638554 0.0421686746988 0.0542168674699 0.0421686746988 0.0421686746988 0.066265060241 0.0301204819277 0.0301204819277 0.0301204819277 0.0421686746988 0.00602409638554 0.00602409638554 0.114457831325 0.126506024096 0.0180722891566 
0.0261194029851 0.0410447761194 0.0335820895522 0.0111940298507 0.0708955223881 0.0335820895522 0.0335820895522 0.0783582089552 0.0186567164179 0.0708955223881 0.108208955224 0.0335820895522 0.0858208955224 0.0485074626866 0.0858208955224 0.0783582089552 0.00373134328358 0.0783582089552 0.0261194029851 0.0335820895522 
0.0601265822785 0.0664556962025 0.0158227848101 0.0348101265823 0.0791139240506 0.0601265822785 0.0601265822785 0.0664556962025 0.0981012658228 0.0727848101266 0.0537974683544 0.0601265822785 0.0221518987342 0.0601265822785 0.0284810126582 0.0411392405063 0.0221518987342 0.0411392405063 0.0284810126582 0.0284810126582 
0.078125 0.046875 0.0870535714286 0.0379464285714 0.118303571429 0.0111607142857 0.00669642857143 0.0513392857143 0.109375 0.0200892857143 0.0200892857143 0.0602678571429 0.0245535714286 0.0290178571429 0.0379464285714 0.0290178571429 0.0558035714286 0.046875 0.046875 0.0825892857143 
0.130733944954 0.0344036697248 0.0435779816514 0.0389908256881 0.0344036697248 0.0481651376147 0.0481651376147 0.0573394495413 0.0344036697248 0.0206422018349 0.0252293577982 0.052752293578 0.0252293577982 0.0389908256881 0.0206422018349 0.0389908256881 0.0573394495413 0.112385321101 0.0252293577982 0.112385321101 
0.0377777777778 0.0777777777778 0.0466666666667 0.0555555555556 0.06 0.02 0.0644444444444 0.0733333333333 0.0555555555556 0.0555555555556 0.02 0.0288888888889 0.0688888888889 0.0733333333333 0.00666666666667 0.0333333333333 0.0644444444444 0.06 0.0644444444444 0.0333333333333 
0.00222222222222 0.0377777777778 0.0288888888889 0.0555555555556 0.0733333333333 0.0244444444444 0.0111111111111 0.0111111111111 0.0377777777778 0.0333333333333 0.0377777777778 0.0955555555556 0.0777777777778 0.0511111111111 0.0733333333333 0.0822222222222 0.0377777777778 0.0644444444444 0.0688888888889 0.0955555555556 
0.00393700787402 0.122047244094 0.0511811023622 0.0275590551181 0.0511811023622 0.0984251968504 0.0196850393701 0.0354330708661 0.0669291338583 0.0984251968504 0.0826771653543 0.00393700787402 0.0354330708661 0.0984251968504 0.011811023622 0.0354330708661 0.0433070866142 0.0275590551181 0.0196850393701 0.0669291338583 
0.0408805031447 0.0408805031447 0.0786163522013 0.0534591194969 0.0849056603774 0.0283018867925 0.059748427673 0.0220125786164 0.0345911949686 0.0408805031447 0.0534591194969 0.0345911949686 0.0534591194969 0.00314465408805 0.0471698113208 0.0220125786164 0.059748427673 0.0408805031447 0.0660377358491 0.135220125786 
0.0353260869565 0.0461956521739 0.0461956521739 0.00271739130435 0.00271739130435 0.0788043478261 0.10597826087 0.0516304347826 0.0135869565217 0.0570652173913 0.0842391304348 0.0461956521739 0.0951086956522 0.0516304347826 0.0516304347826 0.0244565217391 0.0788043478261 0.0733695652174 0.0244565217391 0.0298913043478 
0.03 0.00333333333333 0.0166666666667 0.0833333333333 0.0366666666667 0.103333333333 0.0233333333333 0.05 0.0433333333333 0.0566666666667 0.176666666667 0.0366666666667 0.0166666666667 0.0766666666667 0.0233333333333 0.0566666666667 0.0166666666667 0.0433333333333 0.0366666666667 0.07 
0.00505050505051 0.0151515151515 0.0757575757576 0.0353535353535 0.0858585858586 0.0656565656566 0.0454545454545 0.0555555555556 0.0151515151515 0.0252525252525 0.0555555555556 0.00505050505051 0.0151515151515 0.0353535353535 0.0252525252525 0.146464646465 0.116161616162 0.00505050505051 0.126262626263 0.0454545454545 
0.0994897959184 0.0127551020408 0.114795918367 0.0484693877551 0.0688775510204 0.0433673469388 0.0688775510204 0.00765306122449 0.0178571428571 0.00765306122449 0.0229591836735 0.0433673469388 0.0535714285714 0.109693877551 0.0433673469388 0.0331632653061 0.0790816326531 0.0484693877551 0.0229591836735 0.0535714285714 
0.0169082125604 0.0748792270531 0.0748792270531 0.0314009661836 0.012077294686 0.0507246376812 0.036231884058 0.0314009661836 0.06038647343 0.0990338164251 0.0314009661836 0.0845410628019 0.0458937198068 0.00724637681159 0.0458937198068 0.118357487923 0.0652173913043 0.0748792270531 0.0169082125604 0.0217391304348 
0.0653409090909 0.0255681818182 0.03125 0.122159090909 0.0369318181818 0.0142045454545 0.0710227272727 0.03125 0.0142045454545 0.03125 0.0369318181818 0.0880681818182 0.167613636364 0.0539772727273 0.0596590909091 0.0255681818182 0.0482954545455 0.00852272727273 0.0596590909091 0.00852272727273 
0.038 0.07 0.058 0.022 0.07 0.074 0.042 0.034 0.046 0.022 0.058 0.062 0.102 0.034 0.058 0.034 0.098 0.034 0.014 0.03 
0.0703125 0.0078125 0.0703125 0.0078125 0.1796875 0.0234375 0.1015625 0.1015625 0.0078125 0.0703125 0.0078125 0.0078125 0.0703125 0.0078125 0.0234375 0.1640625 0.0078125 0.0546875 0.0078125 0.0078125 
0.0401785714286 0.03125 0.138392857143 0.00446428571429 0.0401785714286 0.120535714286 0.03125 0.0758928571429 0.00446428571429 0.00446428571429 0.0401785714286 0.0133928571429 0.0223214285714 0.09375 0.120535714286 0.0669642857143 0.00446428571429 0.0133928571429 0.0669642857143 0.0669642857143 
0.010067114094 0.0503355704698 0.010067114094 0.0369127516779 0.0771812080537 0.0302013422819 0.0771812080537 0.010067114094 0.0503355704698 0.0369127516779 0.0570469798658 0.104026845638 0.0436241610738 0.0838926174497 0.0369127516779 0.110738255034 0.0234899328859 0.104026845638 0.0234899328859 0.0234899328859 
0.045 0.025 0.005 0.015 0.005 0.045 0.095 0.025 0.015 0.045 0.085 0.085 0.025 0.045 0.135 0.015 0.085 0.055 0.145 0.005 
0.0300546448087 0.068306010929 0.128415300546 0.0355191256831 0.0300546448087 0.0300546448087 0.0792349726776 0.0409836065574 0.0573770491803 0.0300546448087 0.0409836065574 0.00819672131148 0.161202185792 0.0245901639344 0.0245901639344 0.0136612021858 0.0573770491803 0.0628415300546 0.0573770491803 0.0191256830601 
0.0438596491228 0.0614035087719 0.0847953216374 0.0789473684211 0.0146198830409 0.0789473684211 0.125730994152 0.0380116959064 0.0146198830409 0.0497076023392 0.114035087719 0.0380116959064 0.0263157894737 0.00292397660819 0.0614035087719 0.00877192982456 0.0497076023392 0.0146198830409 0.0204678362573 0.0730994152047 
0.0194346289753 0.0441696113074 0.0759717314488 0.114840989399 0.065371024735 0.030035335689 0.0689045936396 0.0371024734982 0.047703180212 0.0724381625442 0.00530035335689 0.0618374558304 0.0406360424028 0.0371024734982 0.0689045936396 0.0265017667845 0.065371024735 0.0194346289753 0.0335689045936 0.065371024735 
0.0367231638418 0.0310734463277 0.104519774011 0.0367231638418 0.0819209039548 0.0706214689266 0.0423728813559 0.0480225988701 0.0367231638418 0.0536723163842 0.0593220338983 0.0480225988701 0.00847457627119 0.0423728813559 0.0875706214689 0.00282485875706 0.0310734463277 0.11581920904 0.0423728813559 0.0197740112994 
0.0608108108108 0.0743243243243 0.0382882882883 0.00225225225225 0.0518018018018 0.0472972972973 0.0653153153153 0.0518018018018 0.0157657657658 0.0337837837838 0.0202702702703 0.0698198198198 0.0878378378378 0.0698198198198 0.0382882882883 0.0247747747748 0.0292792792793 0.0382882882883 0.0608108108108 0.119369369369 
0.05 0.0772727272727 0.0318181818182 0.00454545454545 0.113636363636 0.00454545454545 0.05 0.05 0.00454545454545 0.113636363636 0.0590909090909 0.0318181818182 0.113636363636 0.0681818181818 0.0681818181818 0.0227272727273 0.05 0.0590909090909 0.0136363636364 0.0136363636364 
0.0657216494845 0.0760309278351 0.0219072164948 0.0193298969072 0.0244845360825 0.0631443298969 0.0451030927835 0.0425257731959 0.0579896907216 0.0889175257732 0.034793814433 0.0193298969072 0.0425257731959 0.0451030927835 0.0528350515464 0.0270618556701 0.0399484536082 0.0863402061856 0.101804123711 0.0451030927835 
0.0123966942149 0.0206611570248 0.0619834710744 0.0123966942149 0.0206611570248 0.0206611570248 0.00413223140496 0.0454545454545 0.0619834710744 0.0537190082645 0.0206611570248 0.161157024793 0.0123966942149 0.0702479338843 0.00413223140496 0.095041322314 0.103305785124 0.0371900826446 0.0702479338843 0.111570247934 
0.005 0.005 0.075 0.035 0.045 0.015 0.035 0.095 0.015 0.085 0.095 0.025 0.035 0.015 0.055 0.145 0.075 0.005 0.025 0.115 
0.0180555555556 0.0430555555556 0.0597222222222 0.0680555555556 0.0402777777778 0.0291666666667 0.0208333333333 0.0263888888889 0.0486111111111 0.0819444444444 0.0319444444444 0.0430555555556 0.0319444444444 0.118055555556 0.0763888888889 0.0791666666667 0.0513888888889 0.0180555555556 0.0652777777778 0.0486111111111 
0.0748502994012 0.0149700598802 0.00898203592814 0.0449101796407 0.062874251497 0.0688622754491 0.00898203592814 0.0209580838323 0.0508982035928 0.0449101796407 0.0808383233533 0.0988023952096 0.122754491018 0.00299401197605 0.0269461077844 0.0688622754491 0.0329341317365 0.0449101796407 0.0748502994012 0.0449101796407 
0.0610465116279 0.00872093023256 0.0145348837209 0.0494186046512 0.0610465116279 0.107558139535 0.0377906976744 0.0726744186047 0.0377906976744 0.0726744186047 0.0261627906977 0.130813953488 0.0203488372093 0.0377906976744 0.0668604651163 0.00872093023256 0.0436046511628 0.0726744186047 0.0552325581395 0.0145348837209 
0.0151515151515 0.124242424242 0.0757575757576 0.0454545454545 0.0333333333333 0.0333333333333 0.069696969697 0.0212121212121 0.0272727272727 0.0333333333333 0.0272727272727 0.0272727272727 0.112121212121 0.118181818182 0.0757575757576 0.0454545454545 0.0030303030303 0.0636363636364 0.0212121212121 0.0272727272727 
0.00815217391304 0.0190217391304 0.0951086956522 0.0951086956522 0.0190217391304 0.0298913043478 0.0625 0.0679347826087 0.0190217391304 0.0190217391304 0.0190217391304 0.133152173913 0.0298913043478 0.0516304347826 0.0244565217391 0.0951086956522 0.0298913043478 0.0190217391304 0.0951086956522 0.0679347826087 
0.0598885793872 0.0515320334262 0.0849582172702 0.0459610027855 0.0208913649025 0.0626740947075 0.0348189415042 0.112813370474 0.0376044568245 0.0208913649025 0.0292479108635 0.0598885793872 0.0431754874652 0.0348189415042 0.0348189415042 0.0515320334262 0.0933147632312 0.0793871866295 0.0292479108635 0.0125348189415 
0.104651162791 0.0627906976744 0.0162790697674 0.0116279069767 0.0395348837209 0.0302325581395 0.0906976744186 0.0674418604651 0.0441860465116 0.0488372093023 0.0720930232558 0.0255813953488 0.0441860465116 0.0116279069767 0.0395348837209 0.0860465116279 0.0162790697674 0.0767441860465 0.053488372093 0.0581395348837 
0.0408805031447 0.0220125786164 0.0220125786164 0.0345911949686 0.0345911949686 0.0345911949686 0.0974842767296 0.110062893082 0.0723270440252 0.059748427673 0.0345911949686 0.0157232704403 0.0534591194969 0.0471698113208 0.0408805031447 0.0471698113208 0.0220125786164 0.0660377358491 0.0786163522013 0.0660377358491 
0.0820105820106 0.156084656085 0.00793650793651 0.0291005291005 0.0291005291005 0.0555555555556 0.00793650793651 0.0343915343915 0.0502645502646 0.0555555555556 0.0185185185185 0.0291005291005 0.119047619048 0.0925925925926 0.0396825396825 0.0396825396825 0.0291005291005 0.0343915343915 0.0291005291005 0.0608465608466 
0.0422077922078 0.0616883116883 0.107142857143 0.113636363636 0.0811688311688 0.0292207792208 0.0422077922078 0.0551948051948 0.0487012987013 0.0292207792208 0.0746753246753 0.0162337662338 0.00324675324675 0.00974025974026 0.00324675324675 0.0487012987013 0.00974025974026 0.0227272727273 0.100649350649 0.100649350649 
0.0744680851064 0.031914893617 0.0602836879433 0.0177304964539 0.031914893617 0.0106382978723 0.031914893617 0.109929078014 0.0248226950355 0.0602836879433 0.0602836879433 0.0460992907801 0.0460992907801 0.0248226950355 0.0602836879433 0.0531914893617 0.0460992907801 0.0248226950355 0.0815602836879 0.102836879433 
0.003125 0.071875 0.065625 0.034375 0.009375 0.015625 0.103125 0.071875 0.071875 0.084375 0.071875 0.071875 0.015625 0.065625 0.015625 0.090625 0.065625 0.046875 0.015625 0.009375 
0.0529411764706 0.0254901960784 0.0921568627451 0.1 0.0882352941176 0.0450980392157 0.0372549019608 0.0450980392157 0.021568627451 0.0529411764706 0.0176470588235 0.0764705882353 0.0372549019608 0.0176470588235 0.0372549019608 0.0490196078431 0.0607843137255 0.056862745098 0.0254901960784 0.0607843137255 
0.0495495495495 0.0855855855856 0.0855855855856 0.0045045045045 0.0495495495495 0.103603603604 0.0405405405405 0.112612612613 0.0495495495495 0.0225225225225 0.0045045045045 0.0045045045045 0.0585585585586 0.0135135135135 0.0045045045045 0.0855855855856 0.0495495495495 0.0315315315315 0.0585585585586 0.0855855855856 
0.0448717948718 0.0320512820513 0.0363247863248 0.0235042735043 0.0662393162393 0.0448717948718 0.0235042735043 0.0534188034188 0.0405982905983 0.0235042735043 0.0491452991453 0.0790598290598 0.0192307692308 0.0320512820513 0.0534188034188 0.0320512820513 0.0790598290598 0.0662393162393 0.0576923076923 0.143162393162 
