0.00657894736842 0.274122807018 0.00219298245614 0.00219298245614 0.0372807017544 0.0241228070175 0.0416666666667 0.160087719298 0.0109649122807 0.015350877193 0.00657894736842 0.00219298245614 0.252192982456 0.0855263157895 0.00219298245614 0.00657894736842 0.0197368421053 0.0285087719298 0.015350877193 0.00657894736842 
0.0135869565217 0.10597826087 0.00271739130435 0.361413043478 0.0190217391304 0.00271739130435 0.0788043478261 0.0625 0.0896739130435 0.0190217391304 0.0353260869565 0.00815217391304 0.0951086956522 0.00271739130435 0.00271739130435 0.00271739130435 0.0788043478261 0.00815217391304 0.00271739130435 0.00815217391304 
0.00833333333333 0.225 0.00833333333333 0.00833333333333 0.0416666666667 0.00833333333333 0.191666666667 0.00833333333333 0.175 0.00833333333333 0.0583333333333 0.025 0.00833333333333 0.00833333333333 0.00833333333333 0.025 0.00833333333333 0.125 0.025 0.025 
0.00681818181818 0.0431818181818 0.0522727272727 0.00227272727273 0.0113636363636 0.00227272727273 0.00681818181818 0.00227272727273 0.0386363636364 0.243181818182 0.00227272727273 0.0113636363636 0.470454545455 0.00227272727273 0.00681818181818 0.00227272727273 0.00227272727273 0.0886363636364 0.00227272727273 0.00227272727273 
0.00396825396825 0.00396825396825 0.00396825396825 0.00396825396825 0.138888888889 0.00396825396825 0.392857142857 0.00396825396825 0.00396825396825 0.0833333333333 0.0119047619048 0.00396825396825 0.0277777777778 0.00396825396825 0.130952380952 0.154761904762 0.0119047619048 0.00396825396825 0.00396825396825 0.00396825396825 
0.00505050505051 0.00505050505051 0.0353535353535 0.0151515151515 0.671717171717 0.00505050505051 0.0353535353535 0.136363636364 0.0151515151515 0.00505050505051 0.0151515151515 0.00505050505051 0.00505050505051 0.00505050505051 0.0151515151515 0.00505050505051 0.00505050505051 0.00505050505051 0.00505050505051 0.00505050505051 
0.0242718446602 0.289644012945 0.00809061488673 0.153721682848 0.00161812297735 0.00161812297735 0.0275080906149 0.0275080906149 0.00161812297735 0.0210355987055 0.0242718446602 0.00485436893204 0.231391585761 0.00485436893204 0.160194174757 0.00161812297735 0.00161812297735 0.00809061488673 0.00161812297735 0.00485436893204 
0.00505050505051 0.0151515151515 0.00505050505051 0.0252525252525 0.742424242424 0.0454545454545 0.00505050505051 0.0656565656566 0.0151515151515 0.00505050505051 0.00505050505051 0.00505050505051 0.00505050505051 0.00505050505051 0.00505050505051 0.0252525252525 0.00505050505051 0.00505050505051 0.00505050505051 0.00505050505051 
0.00588235294118 0.00588235294118 0.00588235294118 0.00588235294118 0.876470588235 0.00588235294118 0.00588235294118 0.00588235294118 0.00588235294118 0.0176470588235 0.00588235294118 0.00588235294118 0.00588235294118 0.00588235294118 0.00588235294118 0.00588235294118 0.00588235294118 0.00588235294118 0.00588235294118 0.00588235294118 
0.0275590551181 0.00393700787402 0.00393700787402 0.00393700787402 0.0590551181102 0.145669291339 0.224409448819 0.0590551181102 0.0196850393701 0.0354330708661 0.00393700787402 0.0196850393701 0.137795275591 0.0433070866142 0.122047244094 0.0275590551181 0.0354330708661 0.00393700787402 0.0196850393701 0.00393700787402 
0.00802139037433 0.024064171123 0.00267379679144 0.00267379679144 0.0133689839572 0.00267379679144 0.0187165775401 0.307486631016 0.00802139037433 0.0133689839572 0.00267379679144 0.00267379679144 0.0668449197861 0.0668449197861 0.435828877005 0.00267379679144 0.00267379679144 0.00267379679144 0.0133689839572 0.00267379679144 
0.00931677018634 0.114906832298 0.00931677018634 0.0155279503106 0.0527950310559 0.00931677018634 0.0341614906832 0.282608695652 0.0341614906832 0.0217391304348 0.139751552795 0.00931677018634 0.170807453416 0.00310559006211 0.00310559006211 0.0217391304348 0.0155279503106 0.027950310559 0.0217391304348 0.00310559006211 
0.00277777777778 0.00833333333333 0.0194444444444 0.0305555555556 0.00277777777778 0.213888888889 0.0583333333333 0.325 0.00277777777778 0.0472222222222 0.0805555555556 0.0472222222222 0.0194444444444 0.00277777777778 0.0861111111111 0.0194444444444 0.00833333333333 0.00833333333333 0.00833333333333 0.00833333333333 
0.0522388059701 0.00746268656716 0.00746268656716 0.00248756218905 0.00248756218905 0.196517412935 0.00248756218905 0.410447761194 0.0671641791045 0.00248756218905 0.0124378109453 0.00248756218905 0.196517412935 0.0124378109453 0.00248756218905 0.00746268656716 0.00248756218905 0.00248756218905 0.00746268656716 0.00248756218905 
0.0555555555556 0.0238095238095 0.0238095238095 0.00793650793651 0.00793650793651 0.0396825396825 0.00793650793651 0.00793650793651 0.00793650793651 0.0555555555556 0.0555555555556 0.00793650793651 0.246031746032 0.0238095238095 0.293650793651 0.00793650793651 0.0396825396825 0.0714285714286 0.00793650793651 0.00793650793651 
0.0047619047619 0.109523809524 0.0142857142857 0.0047619047619 0.0142857142857 0.0047619047619 0.0142857142857 0.385714285714 0.109523809524 0.0238095238095 0.0047619047619 0.0047619047619 0.0047619047619 0.0047619047619 0.0047619047619 0.0047619047619 0.157142857143 0.0904761904762 0.0047619047619 0.0333333333333 
0.00393700787402 0.0905511811024 0.00393700787402 0.00393700787402 0.0826771653543 0.011811023622 0.011811023622 0.0905511811024 0.0196850393701 0.00393700787402 0.216535433071 0.00393700787402 0.224409448819 0.00393700787402 0.0196850393701 0.00393700787402 0.0590551181102 0.129921259843 0.011811023622 0.00393700787402 
0.00442477876106 0.0398230088496 0.0221238938053 0.00442477876106 0.00442477876106 0.0132743362832 0.0486725663717 0.0929203539823 0.00442477876106 0.172566371681 0.314159292035 0.00442477876106 0.146017699115 0.00442477876106 0.0398230088496 0.00442477876106 0.00442477876106 0.00442477876106 0.0575221238938 0.0132743362832 
0.00238095238095 0.00238095238095 0.183333333333 0.0166666666667 0.0119047619048 0.00238095238095 0.0214285714286 0.0214285714286 0.0261904761905 0.00238095238095 0.107142857143 0.00714285714286 0.12619047619 0.0404761904762 0.0119047619048 0.0785714285714 0.00238095238095 0.302380952381 0.0214285714286 0.0119047619048 
0.00396825396825 0.00396825396825 0.0277777777778 0.170634920635 0.0277777777778 0.00396825396825 0.170634920635 0.202380952381 0.00396825396825 0.0436507936508 0.00396825396825 0.00396825396825 0.234126984127 0.0198412698413 0.0198412698413 0.00396825396825 0.0119047619048 0.0119047619048 0.0198412698413 0.0119047619048 
0.0132743362832 0.0486725663717 0.0132743362832 0.00442477876106 0.00442477876106 0.0221238938053 0.00442477876106 0.429203539823 0.0575221238938 0.0132743362832 0.146017699115 0.0309734513274 0.0663716814159 0.0221238938053 0.0309734513274 0.00442477876106 0.0221238938053 0.00442477876106 0.00442477876106 0.0575221238938 
0.0045045045045 0.0045045045045 0.0315315315315 0.0045045045045 0.0135135135135 0.0045045045045 0.0045045045045 0.112612612613 0.0495495495495 0.31981981982 0.112612612613 0.0045045045045 0.0045045045045 0.0315315315315 0.184684684685 0.0225225225225 0.0765765765766 0.0045045045045 0.0045045045045 0.0045045045045 
0.00396825396825 0.00396825396825 0.0198412698413 0.361111111111 0.0912698412698 0.0119047619048 0.00396825396825 0.257936507937 0.0436507936508 0.0198412698413 0.00396825396825 0.00396825396825 0.00396825396825 0.0119047619048 0.0119047619048 0.0198412698413 0.0753968253968 0.00396825396825 0.00396825396825 0.0436507936508 
0.00136612021858 0.323770491803 0.00409836065574 0.0150273224044 0.0232240437158 0.00409836065574 0.0751366120219 0.143442622951 0.0341530054645 0.00136612021858 0.00956284153005 0.00136612021858 0.282786885246 0.00136612021858 0.00136612021858 0.00136612021858 0.0614754098361 0.0068306010929 0.00409836065574 0.00409836065574 
0.0155279503106 0.00310559006211 0.518633540373 0.0155279503106 0.00931677018634 0.00931677018634 0.00310559006211 0.00310559006211 0.239130434783 0.083850931677 0.00931677018634 0.00310559006211 0.0155279503106 0.00931677018634 0.027950310559 0.00931677018634 0.00310559006211 0.00310559006211 0.00310559006211 0.0155279503106 
0.00322580645161 0.0354838709677 0.0225806451613 0.00322580645161 0.00322580645161 0.00322580645161 0.0354838709677 0.203225806452 0.11935483871 0.00322580645161 0.138709677419 0.0161290322581 0.00322580645161 0.151612903226 0.00322580645161 0.00967741935484 0.0290322580645 0.00322580645161 0.183870967742 0.0290322580645 
0.00880281690141 0.00528169014085 0.0334507042254 0.0933098591549 0.00880281690141 0.012323943662 0.0545774647887 0.195422535211 0.160211267606 0.00176056338028 0.00176056338028 0.0264084507042 0.0193661971831 0.00528169014085 0.00528169014085 0.00176056338028 0.0264084507042 0.170774647887 0.167253521127 0.00176056338028 
0.00505050505051 0.0252525252525 0.00505050505051 0.0151515151515 0.00505050505051 0.0959595959596 0.0959595959596 0.0454545454545 0.00505050505051 0.0757575757576 0.106060606061 0.0151515151515 0.00505050505051 0.00505050505051 0.439393939394 0.0252525252525 0.00505050505051 0.00505050505051 0.00505050505051 0.0151515151515 
0.00204918032787 0.0635245901639 0.0594262295082 0.00204918032787 0.0102459016393 0.0266393442623 0.0102459016393 0.0512295081967 0.00614754098361 0.00204918032787 0.215163934426 0.00204918032787 0.194672131148 0.0266393442623 0.0143442622951 0.00204918032787 0.133196721311 0.00204918032787 0.129098360656 0.047131147541 
0.0123966942149 0.152892561983 0.00413223140496 0.0206611570248 0.0206611570248 0.0206611570248 0.00413223140496 0.243801652893 0.0537190082645 0.00413223140496 0.128099173554 0.00413223140496 0.00413223140496 0.00413223140496 0.128099173554 0.00413223140496 0.0371900826446 0.00413223140496 0.144628099174 0.00413223140496 
0.0045045045045 0.0675675675676 0.0045045045045 0.0315315315315 0.0045045045045 0.0045045045045 0.40990990991 0.0135135135135 0.184684684685 0.0045045045045 0.0045045045045 0.0045045045045 0.130630630631 0.0045045045045 0.0045045045045 0.0225225225225 0.0405405405405 0.0315315315315 0.0045045045045 0.0225225225225 
0.0905172413793 0.0215517241379 0.00431034482759 0.00431034482759 0.0560344827586 0.00431034482759 0.00431034482759 0.323275862069 0.0560344827586 0.0387931034483 0.00431034482759 0.00431034482759 0.0646551724138 0.0129310344828 0.0474137931034 0.0129310344828 0.0129310344828 0.0905172413793 0.14224137931 0.00431034482759 
0.0111940298507 0.00373134328358 0.167910447761 0.0186567164179 0.00373134328358 0.182835820896 0.175373134328 0.0634328358209 0.0261194029851 0.0111940298507 0.00373134328358 0.00373134328358 0.0559701492537 0.00373134328358 0.0708955223881 0.0186567164179 0.0261194029851 0.14552238806 0.00373134328358 0.00373134328358 
0.0164835164835 0.104395604396 0.0128205128205 0.188644688645 0.0201465201465 0.0018315018315 0.1336996337 0.0128205128205 0.0494505494505 0.0128205128205 0.00549450549451 0.00549450549451 0.342490842491 0.0128205128205 0.0128205128205 0.00549450549451 0.0128205128205 0.0018315018315 0.00915750915751 0.0384615384615 
0.0119047619048 0.0595238095238 0.00238095238095 0.00714285714286 0.0166666666667 0.00238095238095 0.0309523809524 0.0214285714286 0.0642857142857 0.00714285714286 0.316666666667 0.00238095238095 0.164285714286 0.0166666666667 0.00238095238095 0.00238095238095 0.0452380952381 0.221428571429 0.00238095238095 0.00238095238095 
0.0172413793103 0.231034482759 0.00344827586207 0.237931034483 0.0379310344828 0.051724137931 0.0103448275862 0.00344827586207 0.00344827586207 0.162068965517 0.0103448275862 0.00344827586207 0.196551724138 0.0103448275862 0.00344827586207 0.00344827586207 0.00344827586207 0.00344827586207 0.00344827586207 0.00344827586207 
0.0142045454545 0.00284090909091 0.03125 0.00284090909091 0.434659090909 0.00284090909091 0.00284090909091 0.00852272727273 0.00284090909091 0.00852272727273 0.00284090909091 0.0198863636364 0.0198863636364 0.122159090909 0.00284090909091 0.00852272727273 0.00284090909091 0.00284090909091 0.275568181818 0.03125 
0.015 0.005 0.005 0.005 0.755 0.005 0.005 0.005 0.025 0.015 0.005 0.005 0.065 0.005 0.005 0.005 0.035 0.005 0.005 0.025 
0.00228310502283 0.125570776256 0.00228310502283 0.00228310502283 0.0159817351598 0.00228310502283 0.00228310502283 0.36301369863 0.0114155251142 0.00228310502283 0.00228310502283 0.00684931506849 0.207762557078 0.0251141552511 0.0570776255708 0.00228310502283 0.00228310502283 0.00228310502283 0.162100456621 0.00228310502283 
0.00396825396825 0.0198412698413 0.00396825396825 0.0119047619048 0.00396825396825 0.242063492063 0.0595238095238 0.107142857143 0.115079365079 0.194444444444 0.0277777777778 0.00396825396825 0.130952380952 0.00396825396825 0.0198412698413 0.0119047619048 0.0277777777778 0.00396825396825 0.00396825396825 0.00396825396825 
0.0136612021858 0.00273224043716 0.00819672131148 0.00273224043716 0.00273224043716 0.00273224043716 0.00273224043716 0.0245901639344 0.00273224043716 0.155737704918 0.00273224043716 0.00819672131148 0.166666666667 0.0846994535519 0.374316939891 0.00819672131148 0.0300546448087 0.0846994535519 0.0191256830601 0.00273224043716 
0.00260416666667 0.0130208333333 0.0286458333333 0.0963541666667 0.0598958333333 0.0078125 0.0078125 0.00260416666667 0.0130208333333 0.00260416666667 0.0078125 0.1328125 0.190104166667 0.00260416666667 0.3203125 0.0234375 0.0078125 0.0078125 0.0130208333333 0.0598958333333 
0.0246478873239 0.25 0.0105633802817 0.00352112676056 0.137323943662 0.0316901408451 0.102112676056 0.12323943662 0.00352112676056 0.00352112676056 0.0246478873239 0.0105633802817 0.0880281690141 0.0387323943662 0.00352112676056 0.00352112676056 0.130281690141 0.00352112676056 0.00352112676056 0.00352112676056 
0.0036231884058 0.0036231884058 0.0108695652174 0.0108695652174 0.0036231884058 0.0036231884058 0.0326086956522 0.199275362319 0.0036231884058 0.018115942029 0.148550724638 0.054347826087 0.257246376812 0.0108695652174 0.0615942028986 0.0326086956522 0.0978260869565 0.0253623188406 0.0036231884058 0.018115942029 
0.00378787878788 0.125 0.0416666666667 0.0416666666667 0.00378787878788 0.0113636363636 0.0416666666667 0.0113636363636 0.397727272727 0.00378787878788 0.0340909090909 0.00378787878788 0.0719696969697 0.0113636363636 0.00378787878788 0.0113636363636 0.170454545455 0.00378787878788 0.00378787878788 0.00378787878788 
0.0319865319865 0.0959595959596 0.0185185185185 0.0016835016835 0.0151515151515 0.0016835016835 0.250841750842 0.0016835016835 0.0622895622896 0.0959595959596 0.0016835016835 0.0016835016835 0.328282828283 0.0185185185185 0.0016835016835 0.0016835016835 0.0016835016835 0.00505050505051 0.0185185185185 0.0454545454545 
0.00980392156863 0.016339869281 0.00326797385621 0.016339869281 0.00980392156863 0.00326797385621 0.199346405229 0.0359477124183 0.316993464052 0.016339869281 0.016339869281 0.0424836601307 0.0751633986928 0.12091503268 0.00326797385621 0.00326797385621 0.00980392156863 0.0294117647059 0.0686274509804 0.00326797385621 
0.00299401197605 0.260479041916 0.0988023952096 0.00898203592814 0.0928143712575 0.00898203592814 0.00299401197605 0.0449101796407 0.170658682635 0.00898203592814 0.00299401197605 0.00898203592814 0.0808383233533 0.00898203592814 0.0149700598802 0.00898203592814 0.158682634731 0.00898203592814 0.00299401197605 0.00299401197605 
0.00151515151515 0.00151515151515 0.386363636364 0.00151515151515 0.00151515151515 0.00151515151515 0.00454545454545 0.15 0.00151515151515 0.00757575757576 0.00151515151515 0.00151515151515 0.374242424242 0.00454545454545 0.0469696969697 0.00151515151515 0.00151515151515 0.00454545454545 0.00454545454545 0.00151515151515 
0.0586206896552 0.00344827586207 0.00344827586207 0.00344827586207 0.0448275862069 0.00344827586207 0.141379310345 0.00344827586207 0.444827586207 0.00344827586207 0.0241379310345 0.0103448275862 0.127586206897 0.0241379310345 0.0172413793103 0.0103448275862 0.0448275862069 0.0241379310345 0.00344827586207 0.00344827586207 
0.00574712643678 0.00574712643678 0.0862068965517 0.224137931034 0.0747126436782 0.00574712643678 0.00574712643678 0.0287356321839 0.166666666667 0.051724137931 0.0172413793103 0.0287356321839 0.00574712643678 0.00574712643678 0.051724137931 0.00574712643678 0.17816091954 0.0402298850575 0.00574712643678 0.00574712643678 
0.0107913669065 0.169064748201 0.00359712230216 0.00359712230216 0.00359712230216 0.0107913669065 0.13309352518 0.00359712230216 0.334532374101 0.00359712230216 0.00359712230216 0.0107913669065 0.226618705036 0.00359712230216 0.0251798561151 0.00359712230216 0.0323741007194 0.00359712230216 0.0107913669065 0.00359712230216 
0.00635593220339 0.0317796610169 0.0021186440678 0.0233050847458 0.0021186440678 0.0360169491525 0.0360169491525 0.00635593220339 0.26906779661 0.0190677966102 0.00635593220339 0.0021186440678 0.23093220339 0.010593220339 0.0021186440678 0.010593220339 0.0021186440678 0.0317796610169 0.0021186440678 0.26906779661 
0.00980392156863 0.258169934641 0.0403050108932 0.0119825708061 0.0315904139434 0.016339869281 0.00326797385621 0.00762527233115 0.0185185185185 0.00326797385621 0.00108932461874 0.0119825708061 0.345315904139 0.016339869281 0.00544662309368 0.00108932461874 0.062091503268 0.153594771242 0.00108932461874 0.00108932461874 
0.00898203592814 0.338323353293 0.0988023952096 0.00299401197605 0.00299401197605 0.00299401197605 0.0389221556886 0.00299401197605 0.218562874251 0.0269461077844 0.0149700598802 0.00299401197605 0.12874251497 0.00898203592814 0.0149700598802 0.0269461077844 0.00898203592814 0.00898203592814 0.0389221556886 0.00299401197605 
0.00116009280742 0.103248259861 0.00116009280742 0.414153132251 0.0127610208817 0.00116009280742 0.0220417633411 0.0684454756381 0.00116009280742 0.0406032482599 0.00580046403712 0.00812064965197 0.212296983759 0.00348027842227 0.00116009280742 0.0243619489559 0.00116009280742 0.0150812064965 0.00116009280742 0.0614849187935 
0.283088235294 0.00367647058824 0.00367647058824 0.0110294117647 0.0625 0.00367647058824 0.371323529412 0.00367647058824 0.00367647058824 0.00367647058824 0.0330882352941 0.0110294117647 0.0110294117647 0.00367647058824 0.00367647058824 0.00367647058824 0.00367647058824 0.0110294117647 0.00367647058824 0.165441176471 
0.0026455026455 0.0608465608466 0.0026455026455 0.0026455026455 0.00793650793651 0.0343915343915 0.0026455026455 0.0026455026455 0.0238095238095 0.256613756614 0.0185185185185 0.0026455026455 0.293650793651 0.0026455026455 0.0132275132275 0.00793650793651 0.0925925925926 0.0132275132275 0.134920634921 0.0238095238095 
0.0144032921811 0.022633744856 0.059670781893 0.00205761316872 0.0144032921811 0.00205761316872 0.00205761316872 0.5 0.00205761316872 0.00205761316872 0.11316872428 0.022633744856 0.12962962963 0.0102880658436 0.00617283950617 0.00617283950617 0.0637860082305 0.00205761316872 0.00617283950617 0.0185185185185 
0.00675675675676 0.00225225225225 0.00225225225225 0.0472972972973 0.00225225225225 0.0427927927928 0.00225225225225 0.128378378378 0.00225225225225 0.00225225225225 0.00225225225225 0.00225225225225 0.182432432432 0.00225225225225 0.542792792793 0.0112612612613 0.0112612612613 0.00225225225225 0.00225225225225 0.00225225225225 
0.0439189189189 0.0304054054054 0.0236486486486 0.0371621621622 0.0168918918919 0.0439189189189 0.0574324324324 0.239864864865 0.00337837837838 0.0371621621622 0.0844594594595 0.00337837837838 0.0641891891892 0.14527027027 0.0709459459459 0.0101351351351 0.0304054054054 0.00337837837838 0.0371621621622 0.0168918918919 
0.0127272727273 0.0781818181818 0.00909090909091 0.00545454545455 0.00181818181818 0.00181818181818 0.132727272727 0.0127272727273 0.169090909091 0.00181818181818 0.0236363636364 0.00545454545455 0.0818181818182 0.216363636364 0.00909090909091 0.0236363636364 0.201818181818 0.00181818181818 0.00909090909091 0.00181818181818 
0.0186170212766 0.0505319148936 0.00797872340426 0.0132978723404 0.172872340426 0.00265957446809 0.00265957446809 0.0132978723404 0.00265957446809 0.0132978723404 0.0345744680851 0.00797872340426 0.146276595745 0.146276595745 0.00265957446809 0.00265957446809 0.321808510638 0.0345744680851 0.00265957446809 0.00265957446809 
0.00980392156863 0.00980392156863 0.00980392156863 0.00980392156863 0.0686274509804 0.127450980392 0.00980392156863 0.00980392156863 0.0294117647059 0.00980392156863 0.00980392156863 0.0294117647059 0.107843137255 0.00980392156863 0.401960784314 0.00980392156863 0.0686274509804 0.0490196078431 0.00980392156863 0.00980392156863 
0.00226244343891 0.278280542986 0.00226244343891 0.0384615384615 0.00226244343891 0.00226244343891 0.00226244343891 0.00678733031674 0.296380090498 0.00226244343891 0.00226244343891 0.0158371040724 0.115384615385 0.00226244343891 0.0113122171946 0.0475113122172 0.052036199095 0.115384615385 0.00226244343891 0.00226244343891 
0.00731707317073 0.00243902439024 0.00243902439024 0.00243902439024 0.0268292682927 0.00243902439024 0.1 0.00243902439024 0.00731707317073 0.00243902439024 0.0121951219512 0.0560975609756 0.129268292683 0.139024390244 0.480487804878 0.00243902439024 0.00243902439024 0.00243902439024 0.00731707317073 0.0121951219512 
0.00188679245283 0.0207547169811 0.115094339623 0.0207547169811 0.0283018867925 0.303773584906 0.00566037735849 0.0698113207547 0.0811320754717 0.0924528301887 0.0207547169811 0.00188679245283 0.0811320754717 0.00943396226415 0.00943396226415 0.0132075471698 0.0660377358491 0.0547169811321 0.00188679245283 0.00188679245283 
0.0367231638418 0.381355932203 0.00282485875706 0.00847457627119 0.161016949153 0.00282485875706 0.00847457627119 0.0141242937853 0.00847457627119 0.0141242937853 0.00282485875706 0.00282485875706 0.177966101695 0.0254237288136 0.00282485875706 0.00282485875706 0.00847457627119 0.0141242937853 0.0141242937853 0.110169491525 
0.00209205020921 0.294979079498 0.0188284518828 0.00209205020921 0.00209205020921 0.00627615062762 0.00209205020921 0.00627615062762 0.232217573222 0.0230125523013 0.161087866109 0.00209205020921 0.190376569038 0.00627615062762 0.010460251046 0.0146443514644 0.00627615062762 0.00627615062762 0.00209205020921 0.010460251046 
0.0700934579439 0.0607476635514 0.0140186915888 0.0794392523364 0.00467289719626 0.00467289719626 0.107476635514 0.434579439252 0.00467289719626 0.00467289719626 0.0140186915888 0.0700934579439 0.00467289719626 0.00467289719626 0.00467289719626 0.00467289719626 0.088785046729 0.0140186915888 0.00467289719626 0.00467289719626 
0.0607798165138 0.0149082568807 0.0149082568807 0.00802752293578 0.0240825688073 0.00114678899083 0.365825688073 0.00114678899083 0.00114678899083 0.00573394495413 0.0149082568807 0.026376146789 0.342889908257 0.0561926605505 0.00114678899083 0.00114678899083 0.0516055045872 0.00344036697248 0.00114678899083 0.00344036697248 
0.101809954751 0.0248868778281 0.0203619909502 0.0113122171946 0.00226244343891 0.00226244343891 0.0158371040724 0.183257918552 0.00678733031674 0.0656108597285 0.133484162896 0.0294117647059 0.169683257919 0.00226244343891 0.0203619909502 0.00226244343891 0.00226244343891 0.196832579186 0.00678733031674 0.00226244343891 
0.00219298245614 0.00219298245614 0.00657894736842 0.199561403509 0.015350877193 0.0416666666667 0.00219298245614 0.00219298245614 0.00219298245614 0.00657894736842 0.00219298245614 0.00657894736842 0.103070175439 0.015350877193 0.576754385965 0.00219298245614 0.00657894736842 0.00219298245614 0.00219298245614 0.00219298245614 
0.00290697674419 0.450581395349 0.0145348837209 0.00290697674419 0.031976744186 0.00290697674419 0.264534883721 0.00290697674419 0.0145348837209 0.0203488372093 0.00290697674419 0.0203488372093 0.0203488372093 0.00290697674419 0.00872093023256 0.00290697674419 0.0145348837209 0.113372093023 0.00290697674419 0.00290697674419 
0.00480769230769 0.0721153846154 0.0144230769231 0.00480769230769 0.0240384615385 0.00480769230769 0.00480769230769 0.177884615385 0.360576923077 0.00480769230769 0.0144230769231 0.00480769230769 0.00480769230769 0.00480769230769 0.177884615385 0.00480769230769 0.00480769230769 0.00480769230769 0.100961538462 0.00480769230769 
0.00373134328358 0.175373134328 0.0111940298507 0.00373134328358 0.0261194029851 0.175373134328 0.19776119403 0.0634328358209 0.242537313433 0.00373134328358 0.00373134328358 0.00373134328358 0.0485074626866 0.00373134328358 0.0111940298507 0.0111940298507 0.00373134328358 0.00373134328358 0.00373134328358 0.00373134328358 
0.0362903225806 0.0524193548387 0.213709677419 0.0282258064516 0.0282258064516 0.0201612903226 0.141129032258 0.133064516129 0.0362903225806 0.00403225806452 0.00403225806452 0.0443548387097 0.133064516129 0.00403225806452 0.00403225806452 0.0201612903226 0.0524193548387 0.0362903225806 0.00403225806452 0.00403225806452 
0.00196850393701 0.00196850393701 0.00196850393701 0.0177165354331 0.0216535433071 0.00196850393701 0.0295275590551 0.305118110236 0.00196850393701 0.0295275590551 0.0216535433071 0.0295275590551 0.00196850393701 0.0688976377953 0.00984251968504 0.00590551181102 0.00590551181102 0.00984251968504 0.415354330709 0.0177165354331 
0.0236486486486 0.0236486486486 0.00337837837838 0.00337837837838 0.0574324324324 0.00337837837838 0.483108108108 0.0101351351351 0.00337837837838 0.00337837837838 0.00337837837838 0.0777027027027 0.14527027027 0.0101351351351 0.00337837837838 0.00337837837838 0.00337837837838 0.118243243243 0.00337837837838 0.0168918918919 
0.0375854214123 0.0626423690205 0.00113895216401 0.00113895216401 0.00797266514806 0.00113895216401 0.0375854214123 0.0444191343964 0.00341685649203 0.0945330296128 0.0535307517084 0.0148063781321 0.47722095672 0.0307517084282 0.0193621867882 0.0808656036446 0.00113895216401 0.00797266514806 0.0170842824601 0.00569476082005 
0.00390625 0.12109375 0.00390625 0.01171875 0.00390625 0.00390625 0.00390625 0.01953125 0.30859375 0.08984375 0.01171875 0.01171875 0.19921875 0.10546875 0.03515625 0.03515625 0.01171875 0.00390625 0.00390625 0.01171875 
0.00949367088608 0.21835443038 0.00316455696203 0.00949367088608 0.00316455696203 0.00316455696203 0.142405063291 0.00316455696203 0.110759493671 0.0158227848101 0.0537974683544 0.00316455696203 0.212025316456 0.00316455696203 0.0284810126582 0.0221518987342 0.0537974683544 0.00316455696203 0.00316455696203 0.0981012658228 
0.0227272727273 0.224025974026 0.00324675324675 0.0227272727273 0.0357142857143 0.00974025974026 0.0551948051948 0.00324675324675 0.444805194805 0.00974025974026 0.0227272727273 0.0162337662338 0.0487012987013 0.00324675324675 0.0357142857143 0.00324675324675 0.0227272727273 0.00324675324675 0.00324675324675 0.00974025974026 
0.0117370892019 0.00704225352113 0.0492957746479 0.00234741784038 0.00234741784038 0.00234741784038 0.692488262911 0.0305164319249 0.0211267605634 0.0352112676056 0.0492957746479 0.00234741784038 0.00234741784038 0.0211267605634 0.0305164319249 0.00234741784038 0.00704225352113 0.00234741784038 0.00704225352113 0.0211267605634 
0.0205696202532 0.0617088607595 0.428797468354 0.0553797468354 0.0110759493671 0.00158227848101 0.0458860759494 0.0680379746835 0.00474683544304 0.137658227848 0.00791139240506 0.00474683544304 0.0237341772152 0.00791139240506 0.0142405063291 0.0142405063291 0.0585443037975 0.0237341772152 0.00791139240506 0.00158227848101 
0.00201612903226 0.00201612903226 0.385080645161 0.0262096774194 0.0221774193548 0.0141129032258 0.00201612903226 0.0625 0.0302419354839 0.00201612903226 0.0584677419355 0.00201612903226 0.0826612903226 0.054435483871 0.0100806451613 0.0302419354839 0.00604838709677 0.195564516129 0.0100806451613 0.00201612903226 
0.00602409638554 0.0903614457831 0.00602409638554 0.00602409638554 0.102409638554 0.00602409638554 0.00602409638554 0.5 0.00602409638554 0.0180722891566 0.00602409638554 0.00602409638554 0.0903614457831 0.078313253012 0.00602409638554 0.00602409638554 0.0421686746988 0.00602409638554 0.00602409638554 0.00602409638554 
0.0485074626866 0.108208955224 0.0111940298507 0.00373134328358 0.100746268657 0.00373134328358 0.00373134328358 0.220149253731 0.324626865672 0.0111940298507 0.00373134328358 0.0111940298507 0.00373134328358 0.0111940298507 0.00373134328358 0.0708955223881 0.00373134328358 0.0410447761194 0.00373134328358 0.0111940298507 
0.0601265822785 0.00316455696203 0.00316455696203 0.00949367088608 0.0348101265823 0.00316455696203 0.0348101265823 0.0158227848101 0.395569620253 0.0537974683544 0.161392405063 0.00949367088608 0.0981012658228 0.0601265822785 0.00949367088608 0.00949367088608 0.0158227848101 0.00316455696203 0.00316455696203 0.0158227848101 
0.00223214285714 0.078125 0.00223214285714 0.171875 0.0691964285714 0.0647321428571 0.0513392857143 0.00223214285714 0.0290178571429 0.180803571429 0.00223214285714 0.00223214285714 0.323660714286 0.00223214285714 0.00223214285714 0.00223214285714 0.00669642857143 0.00223214285714 0.00223214285714 0.00223214285714 
0.00229357798165 0.00229357798165 0.00229357798165 0.23623853211 0.0114678899083 0.00688073394495 0.0160550458716 0.0160550458716 0.00688073394495 0.364678899083 0.00229357798165 0.00229357798165 0.167431192661 0.0114678899083 0.0114678899083 0.0206422018349 0.0573394495413 0.00229357798165 0.0252293577982 0.0344036697248 
0.0244444444444 0.126666666667 0.00222222222222 0.00222222222222 0.0244444444444 0.0155555555556 0.308888888889 0.00666666666667 0.0466666666667 0.0155555555556 0.0155555555556 0.00666666666667 0.162222222222 0.00666666666667 0.0955555555556 0.00222222222222 0.117777777778 0.0111111111111 0.00666666666667 0.00222222222222 
0.0288888888889 0.00666666666667 0.0111111111111 0.00666666666667 0.0422222222222 0.00222222222222 0.00666666666667 0.0511111111111 0.0511111111111 0.00222222222222 0.286666666667 0.0422222222222 0.0911111111111 0.00666666666667 0.00222222222222 0.00666666666667 0.202222222222 0.1 0.0511111111111 0.00222222222222 
0.00393700787402 0.0984251968504 0.00393700787402 0.0511811023622 0.0748031496063 0.00393700787402 0.0275590551181 0.00393700787402 0.00393700787402 0.0748031496063 0.114173228346 0.011811023622 0.00393700787402 0.00393700787402 0.303149606299 0.00393700787402 0.200787401575 0.00393700787402 0.00393700787402 0.00393700787402 
0.00314465408805 0.0408805031447 0.0220125786164 0.172955974843 0.0220125786164 0.0345911949686 0.27358490566 0.00943396226415 0.122641509434 0.0723270440252 0.0345911949686 0.00314465408805 0.0157232704403 0.00943396226415 0.00314465408805 0.00314465408805 0.116352201258 0.0157232704403 0.00943396226415 0.0157232704403 
0.00271739130435 0.00271739130435 0.00271739130435 0.203804347826 0.00271739130435 0.00815217391304 0.00271739130435 0.00271739130435 0.00271739130435 0.00271739130435 0.0135869565217 0.00271739130435 0.0896739130435 0.00271739130435 0.377717391304 0.0842391304348 0.160326086957 0.00271739130435 0.0190217391304 0.0135869565217 
0.0166666666667 0.00333333333333 0.0966666666667 0.376666666667 0.01 0.01 0.0166666666667 0.00333333333333 0.03 0.0766666666667 0.00333333333333 0.01 0.203333333333 0.0233333333333 0.00333333333333 0.00333333333333 0.09 0.00333333333333 0.0166666666667 0.00333333333333 
0.0151515151515 0.0656565656566 0.156565656566 0.00505050505051 0.00505050505051 0.0151515151515 0.0151515151515 0.00505050505051 0.0656565656566 0.0757575757576 0.00505050505051 0.00505050505051 0.00505050505051 0.00505050505051 0.0151515151515 0.00505050505051 0.489898989899 0.00505050505051 0.00505050505051 0.0353535353535 
0.00255102040816 0.0178571428571 0.00255102040816 0.00765306122449 0.0586734693878 0.0382653061224 0.119897959184 0.329081632653 0.00255102040816 0.00255102040816 0.00765306122449 0.00255102040816 0.0841836734694 0.00255102040816 0.196428571429 0.00255102040816 0.0484693877551 0.00255102040816 0.00765306122449 0.0637755102041 
0.0024154589372 0.036231884058 0.0410628019324 0.0024154589372 0.108695652174 0.0024154589372 0.036231884058 0.0024154589372 0.0024154589372 0.00724637681159 0.0024154589372 0.0314009661836 0.171497584541 0.012077294686 0.37922705314 0.0024154589372 0.108695652174 0.0410628019324 0.00724637681159 0.0024154589372 
0.0255681818182 0.230113636364 0.0142045454545 0.15625 0.00284090909091 0.00284090909091 0.00284090909091 0.0426136363636 0.0539772727273 0.167613636364 0.00284090909091 0.0255681818182 0.224431818182 0.0198863636364 0.00852272727273 0.00284090909091 0.00284090909091 0.00284090909091 0.00852272727273 0.00284090909091 
0.026 0.002 0.01 0.006 0.01 0.11 0.01 0.242 0.002 0.002 0.034 0.006 0.47 0.01 0.006 0.022 0.014 0.006 0.006 0.006 
0.0078125 0.0078125 0.0078125 0.0078125 0.0078125 0.0078125 0.0078125 0.3359375 0.1171875 0.2109375 0.0234375 0.0078125 0.0078125 0.0078125 0.0546875 0.1171875 0.0078125 0.0078125 0.0078125 0.0390625 
0.0223214285714 0.0580357142857 0.0133928571429 0.0491071428571 0.0133928571429 0.0133928571429 0.0133928571429 0.111607142857 0.245535714286 0.00446428571429 0.0223214285714 0.0133928571429 0.111607142857 0.00446428571429 0.00446428571429 0.00446428571429 0.0401785714286 0.245535714286 0.00446428571429 0.00446428571429 
0.00335570469799 0.0234899328859 0.00335570469799 0.0234899328859 0.00335570469799 0.0906040268456 0.412751677852 0.0838926174497 0.0906040268456 0.00335570469799 0.010067114094 0.00335570469799 0.218120805369 0.00335570469799 0.00335570469799 0.010067114094 0.00335570469799 0.00335570469799 0.00335570469799 0.00335570469799 
0.025 0.025 0.015 0.005 0.015 0.005 0.025 0.045 0.575 0.015 0.005 0.005 0.045 0.005 0.075 0.005 0.065 0.015 0.015 0.015 
0.00819672131148 0.00273224043716 0.051912568306 0.00273224043716 0.0464480874317 0.00819672131148 0.00273224043716 0.106557377049 0.418032786885 0.00273224043716 0.00273224043716 0.00273224043716 0.117486338798 0.0191256830601 0.00273224043716 0.00273224043716 0.172131147541 0.00273224043716 0.0245901639344 0.00273224043716 
0.0789473684211 0.336257309942 0.00877192982456 0.0146198830409 0.0204678362573 0.0380116959064 0.0614035087719 0.0146198830409 0.0146198830409 0.00292397660819 0.00877192982456 0.00292397660819 0.0263157894737 0.0204678362573 0.0438596491228 0.0321637426901 0.236842105263 0.0321637426901 0.00292397660819 0.00292397660819 
0.047703180212 0.0759717314488 0.00530035335689 0.0759717314488 0.0441696113074 0.0901060070671 0.0159010600707 0.0689045936396 0.030035335689 0.030035335689 0.00530035335689 0.0017667844523 0.383392226148 0.0017667844523 0.0017667844523 0.0017667844523 0.0441696113074 0.065371024735 0.00883392226148 0.0017667844523 
0.0197740112994 0.0706214689266 0.00282485875706 0.110169491525 0.00282485875706 0.00282485875706 0.00282485875706 0.00847457627119 0.0875706214689 0.0367231638418 0.0367231638418 0.183615819209 0.324858757062 0.0254237288136 0.00282485875706 0.0141242937853 0.0480225988701 0.00282485875706 0.00847457627119 0.00847457627119 
0.00225225225225 0.00225225225225 0.0202702702703 0.00225225225225 0.00675675675676 0.00225225225225 0.00675675675676 0.137387387387 0.146396396396 0.00225225225225 0.0788288288288 0.0292792792793 0.155405405405 0.367117117117 0.00675675675676 0.00675675675676 0.00225225225225 0.00675675675676 0.0157657657658 0.00225225225225 
0.0136363636364 0.00454545454545 0.0227272727273 0.131818181818 0.00454545454545 0.0136363636364 0.0136363636364 0.231818181818 0.104545454545 0.277272727273 0.0409090909091 0.00454545454545 0.00454545454545 0.00454545454545 0.0409090909091 0.00454545454545 0.0590909090909 0.0136363636364 0.00454545454545 0.00454545454545 
0.0502577319588 0.00128865979381 0.0399484536082 0.0708762886598 0.00128865979381 0.0193298969072 0.0090206185567 0.055412371134 0.0167525773196 0.00644329896907 0.00128865979381 0.00644329896907 0.573453608247 0.00644329896907 0.0193298969072 0.00386597938144 0.00128865979381 0.00644329896907 0.00128865979381 0.109536082474 
0.0123966942149 0.0206611570248 0.210743801653 0.0206611570248 0.0123966942149 0.00413223140496 0.0537190082645 0.210743801653 0.0867768595041 0.00413223140496 0.0206611570248 0.00413223140496 0.252066115702 0.0123966942149 0.0289256198347 0.00413223140496 0.00413223140496 0.0206611570248 0.00413223140496 0.0123966942149 
0.005 0.005 0.005 0.175 0.005 0.005 0.495 0.005 0.075 0.015 0.015 0.005 0.045 0.005 0.015 0.025 0.065 0.005 0.005 0.025 
0.0152777777778 0.00138888888889 0.00694444444444 0.0625 0.00138888888889 0.00138888888889 0.0291666666667 0.0236111111111 0.00138888888889 0.0375 0.0541666666667 0.00694444444444 0.298611111111 0.0180555555556 0.0513888888889 0.00972222222222 0.00138888888889 0.218055555556 0.0847222222222 0.0763888888889 
0.0269461077844 0.0329341317365 0.0209580838323 0.146706586826 0.00898203592814 0.00898203592814 0.0149700598802 0.104790419162 0.0149700598802 0.00898203592814 0.0389221556886 0.00299401197605 0.332335329341 0.0988023952096 0.0149700598802 0.00299401197605 0.0928143712575 0.0209580838323 0.00299401197605 0.00299401197605 
0.0261627906977 0.0494186046512 0.00290697674419 0.0261627906977 0.0203488372093 0.00872093023256 0.00290697674419 0.0668604651163 0.607558139535 0.00872093023256 0.078488372093 0.00290697674419 0.0377906976744 0.00872093023256 0.00290697674419 0.00290697674419 0.031976744186 0.00290697674419 0.00872093023256 0.00290697674419 
0.0575757575758 0.00909090909091 0.00909090909091 0.0030303030303 0.0030303030303 0.0333333333333 0.0151515151515 0.269696969697 0.293939393939 0.0212121212121 0.112121212121 0.0030303030303 0.0151515151515 0.0030303030303 0.0212121212121 0.0030303030303 0.0151515151515 0.1 0.00909090909091 0.0030303030303 
0.0135869565217 0.00271739130435 0.00271739130435 0.0190217391304 0.0570652173913 0.00271739130435 0.00271739130435 0.263586956522 0.0570652173913 0.0244565217391 0.00271739130435 0.00271739130435 0.00271739130435 0.14402173913 0.00271739130435 0.00271739130435 0.00271739130435 0.00815217391304 0.383152173913 0.00271739130435 
0.0041782729805 0.157381615599 0.0041782729805 0.0598885793872 0.0515320334262 0.00139275766017 0.0320334261838 0.00139275766017 0.0988857938719 0.00696378830084 0.0125348189415 0.00974930362117 0.396935933148 0.0208913649025 0.0208913649025 0.00139275766017 0.0153203342618 0.00696378830084 0.0041782729805 0.0933147632312 
0.00232558139535 0.0767441860465 0.0116279069767 0.00232558139535 0.00232558139535 0.00232558139535 0.00697674418605 0.0162790697674 0.313953488372 0.141860465116 0.00232558139535 0.00232558139535 0.174418604651 0.0255813953488 0.00232558139535 0.0116279069767 0.183720930233 0.00232558139535 0.00697674418605 0.0116279069767 
0.00943396226415 0.0157232704403 0.0283018867925 0.0345911949686 0.0974842767296 0.0345911949686 0.00314465408805 0.0471698113208 0.317610062893 0.254716981132 0.0283018867925 0.00314465408805 0.0849056603774 0.00943396226415 0.00314465408805 0.00314465408805 0.00943396226415 0.00943396226415 0.00314465408805 0.00314465408805 
0.0026455026455 0.0132275132275 0.0026455026455 0.0026455026455 0.0026455026455 0.0026455026455 0.0925925925926 0.134920634921 0.187830687831 0.0661375661376 0.0502645502646 0.00793650793651 0.0714285714286 0.00793650793651 0.00793650793651 0.0026455026455 0.314814814815 0.0026455026455 0.0238095238095 0.0026455026455 
0.00974025974026 0.211038961039 0.0746753246753 0.00324675324675 0.00324675324675 0.00974025974026 0.0292207792208 0.0811688311688 0.0357142857143 0.321428571429 0.00324675324675 0.00324675324675 0.113636363636 0.0551948051948 0.00324675324675 0.00324675324675 0.00324675324675 0.00974025974026 0.0227272727273 0.00324675324675 
0.0248226950355 0.0248226950355 0.00354609929078 0.0390070921986 0.0602836879433 0.102836879433 0.00354609929078 0.031914893617 0.00354609929078 0.0531914893617 0.0744680851064 0.0886524822695 0.031914893617 0.0177304964539 0.386524822695 0.031914893617 0.0106382978723 0.00354609929078 0.00354609929078 0.00354609929078 
0.009375 0.003125 0.003125 0.003125 0.059375 0.009375 0.196875 0.003125 0.003125 0.046875 0.346875 0.021875 0.253125 0.003125 0.009375 0.003125 0.009375 0.009375 0.003125 0.003125 
