0.0112107623318 0.298206278027 0.02466367713 0.307174887892 0.100896860987 0.0067264573991 0.00224215246637 0.204035874439 0.0067264573991 0.0381165919283 
0.00279329608939 0.187150837989 0.0139664804469 0.120111731844 0.198324022346 0.209497206704 0.0251396648045 0.00837988826816 0.0307262569832 0.203910614525 
0.00909090909091 0.554545454545 0.00909090909091 0.00909090909091 0.00909090909091 0.00909090909091 0.281818181818 0.00909090909091 0.0272727272727 0.0818181818182 
0.00232558139535 0.0302325581395 0.118604651163 0.467441860465 0.0348837209302 0.244186046512 0.0581395348837 0.00697674418605 0.00232558139535 0.0348837209302 
0.326446280992 0.00413223140496 0.095041322314 0.0454545454545 0.0123966942149 0.0123966942149 0.409090909091 0.00413223140496 0.00413223140496 0.0867768595041 
0.00531914893617 0.00531914893617 0.00531914893617 0.00531914893617 0.11170212766 0.00531914893617 0.0265957446809 0.0159574468085 0.00531914893617 0.813829787234 
0.189144736842 0.271381578947 0.00164473684211 0.222039473684 0.0542763157895 0.152960526316 0.0411184210526 0.03125 0.0115131578947 0.0246710526316 
0.00531914893617 0.00531914893617 0.00531914893617 0.0159574468085 0.00531914893617 0.0159574468085 0.00531914893617 0.175531914894 0.0159574468085 0.75 
0.00625 0.00625 0.00625 0.01875 0.00625 0.00625 0.01875 0.01875 0.00625 0.90625 
0.0122950819672 0.0286885245902 0.102459016393 0.176229508197 0.168032786885 0.0532786885246 0.266393442623 0.159836065574 0.00409836065574 0.0286885245902 
0.464285714286 0.00274725274725 0.00824175824176 0.0521978021978 0.200549450549 0.0302197802198 0.0192307692308 0.195054945055 0.00274725274725 0.0247252747253 
0.0352564102564 0.13141025641 0.0673076923077 0.163461538462 0.310897435897 0.00320512820513 0.00320512820513 0.246794871795 0.0288461538462 0.00961538461538 
0.00285714285714 0.00285714285714 0.06 0.0885714285714 0.26 0.151428571429 0.111428571429 0.311428571429 0.00285714285714 0.00857142857143 
0.0127551020408 0.00255102040816 0.00255102040816 0.232142857143 0.344387755102 0.00255102040816 0.0127551020408 0.349489795918 0.00765306122449 0.0331632653061 
0.491379310345 0.00862068965517 0.00862068965517 0.26724137931 0.00862068965517 0.0948275862069 0.00862068965517 0.0948275862069 0.00862068965517 0.00862068965517 
0.005 0.015 0.005 0.015 0.195 0.295 0.005 0.335 0.005 0.125 
0.0450819672131 0.176229508197 0.0450819672131 0.176229508197 0.331967213115 0.0368852459016 0.00409836065574 0.00409836065574 0.151639344262 0.0286885245902 
0.0231481481481 0.0601851851852 0.00462962962963 0.125 0.486111111111 0.199074074074 0.00462962962963 0.00462962962963 0.087962962963 0.00462962962963 
0.0170731707317 0.0219512195122 0.265853658537 0.114634146341 0.0268292682927 0.00243902439024 0.0219512195122 0.10487804878 0.382926829268 0.0414634146341 
0.0454545454545 0.00413223140496 0.0702479338843 0.128099173554 0.00413223140496 0.367768595041 0.0619834710744 0.293388429752 0.00413223140496 0.0206611570248 
0.0138888888889 0.00462962962963 0.0138888888889 0.0972222222222 0.513888888889 0.0231481481481 0.0231481481481 0.282407407407 0.00462962962963 0.0231481481481 
0.127358490566 0.13679245283 0.240566037736 0.00471698113208 0.0990566037736 0.325471698113 0.00471698113208 0.00471698113208 0.0518867924528 0.00471698113208 
0.0206611570248 0.185950413223 0.00413223140496 0.00413223140496 0.00413223140496 0.425619834711 0.0289256198347 0.268595041322 0.0454545454545 0.0123966942149 
0.00138504155125 0.394736842105 0.0263157894737 0.275623268698 0.117728531856 0.0152354570637 0.0678670360111 0.0124653739612 0.0124653739612 0.0761772853186 
0.00961538461538 0.298076923077 0.182692307692 0.00320512820513 0.00320512820513 0.182692307692 0.266025641026 0.00320512820513 0.0352564102564 0.0160256410256 
0.00333333333333 0.276666666667 0.0366666666667 0.0566666666667 0.11 0.00333333333333 0.07 0.176666666667 0.15 0.116666666667 
0.0555555555556 0.0519713261649 0.0232974910394 0.0806451612903 0.0089605734767 0.13082437276 0.109318996416 0.270609318996 0.00179211469534 0.267025089606 
0.164893617021 0.0478723404255 0.335106382979 0.0478723404255 0.00531914893617 0.0691489361702 0.0585106382979 0.260638297872 0.00531914893617 0.00531914893617 
0.00209205020921 0.169456066946 0.0188284518828 0.307531380753 0.00209205020921 0.00627615062762 0.00209205020921 0.307531380753 0.0355648535565 0.148535564854 
0.0387931034483 0.271551724138 0.0646551724138 0.00431034482759 0.133620689655 0.0129310344828 0.00431034482759 0.366379310345 0.00431034482759 0.0991379310345 
0.00471698113208 0.13679245283 0.146226415094 0.0801886792453 0.0518867924528 0.061320754717 0.36320754717 0.00471698113208 0.00471698113208 0.146226415094 
0.0585585585586 0.211711711712 0.0225225225225 0.0765765765766 0.40990990991 0.0405405405405 0.0045045045045 0.0045045045045 0.166666666667 0.0045045045045 
0.0193798449612 0.0193798449612 0.593023255814 0.0813953488372 0.0116279069767 0.0426356589147 0.0968992248062 0.12015503876 0.0116279069767 0.00387596899225 
0.00932835820896 0.166044776119 0.0130597014925 0.404850746269 0.0279850746269 0.117537313433 0.106343283582 0.0130597014925 0.139925373134 0.00186567164179 
0.00731707317073 0.0219512195122 0.280487804878 0.158536585366 0.436585365854 0.0219512195122 0.00731707317073 0.0121951219512 0.0365853658537 0.0170731707317 
0.025 0.260714285714 0.0107142857143 0.303571428571 0.00357142857143 0.103571428571 0.0464285714286 0.025 0.0392857142857 0.182142857143 
0.00292397660819 0.00877192982456 0.00292397660819 0.0847953216374 0.00292397660819 0.00292397660819 0.0146198830409 0.00292397660819 0.400584795322 0.476608187135 
0.0157894736842 0.00526315789474 0.00526315789474 0.0684210526316 0.00526315789474 0.0157894736842 0.00526315789474 0.00526315789474 0.0157894736842 0.857894736842 
0.00233644859813 0.161214953271 0.0116822429907 0.198598130841 0.530373831776 0.00700934579439 0.00233644859813 0.0817757009346 0.00233644859813 0.00233644859813 
0.00413223140496 0.119834710744 0.00413223140496 0.185950413223 0.0454545454545 0.293388429752 0.00413223140496 0.293388429752 0.0206611570248 0.0289256198347 
0.199438202247 0.0589887640449 0.311797752809 0.120786516854 0.0421348314607 0.233146067416 0.00280898876404 0.00280898876404 0.0252808988764 0.00280898876404 
0.237967914439 0.0614973262032 0.131016042781 0.147058823529 0.0294117647059 0.0187165775401 0.0187165775401 0.0508021390374 0.173796791444 0.131016042781 
0.0255474452555 0.434306569343 0.0036496350365 0.127737226277 0.0474452554745 0.0328467153285 0.120437956204 0.0036496350365 0.0255474452555 0.178832116788 
0.00375939849624 0.0714285714286 0.146616541353 0.304511278195 0.00375939849624 0.0112781954887 0.00375939849624 0.43984962406 0.0112781954887 0.00375939849624 
0.0275590551181 0.374015748031 0.00393700787402 0.0354330708661 0.00393700787402 0.0433070866142 0.145669291339 0.0275590551181 0.00393700787402 0.334645669291 
0.00513698630137 0.196917808219 0.00513698630137 0.46404109589 0.00171232876712 0.0291095890411 0.23801369863 0.00171232876712 0.00856164383562 0.0496575342466 
0.0101351351351 0.0641891891892 0.00337837837838 0.172297297297 0.0506756756757 0.0439189189189 0.172297297297 0.0168918918919 0.118243243243 0.347972972973 
0.00925925925926 0.509259259259 0.033950617284 0.0216049382716 0.00308641975309 0.0648148148148 0.0895061728395 0.00925925925926 0.00308641975309 0.256172839506 
0.0230769230769 0.00153846153846 0.186153846154 0.346153846154 0.429230769231 0.00153846153846 0.00461538461538 0.00153846153846 0.00153846153846 0.00461538461538 
0.00357142857143 0.260714285714 0.0607142857143 0.225 0.00357142857143 0.0107142857143 0.146428571429 0.025 0.00357142857143 0.260714285714 
0.00609756097561 0.384146341463 0.237804878049 0.00609756097561 0.00609756097561 0.213414634146 0.0426829268293 0.030487804878 0.0548780487805 0.0182926829268 
0.0261194029851 0.279850746269 0.0559701492537 0.14552238806 0.0261194029851 0.00373134328358 0.152985074627 0.00373134328358 0.0111940298507 0.294776119403 
0.0021645021645 0.0497835497835 0.0021645021645 0.274891774892 0.0757575757576 0.0670995670996 0.0021645021645 0.0238095238095 0.28354978355 0.218614718615 
0.0011013215859 0.285242290749 0.199339207048 0.357929515419 0.00550660792952 0.00770925110132 0.00991189427313 0.0011013215859 0.122246696035 0.00991189427313 
0.0154320987654 0.472222222222 0.00308641975309 0.175925925926 0.206790123457 0.00925925925926 0.00308641975309 0.00308641975309 0.0277777777778 0.0833333333333 
0.00352112676056 0.109154929577 0.00117370892019 0.245305164319 0.0833333333333 0.346244131455 0.0340375586854 0.00352112676056 0.172535211268 0.00117370892019 
0.248091603053 0.0343511450382 0.00381679389313 0.00381679389313 0.0114503816794 0.0419847328244 0.354961832061 0.00381679389313 0.293893129771 0.00381679389313 
0.00271739130435 0.279891304348 0.00271739130435 0.323369565217 0.0298913043478 0.165760869565 0.00271739130435 0.00271739130435 0.165760869565 0.0244565217391 
0.0273109243697 0.0441176470588 0.0063025210084 0.186974789916 0.363445378151 0.031512605042 0.0189075630252 0.228991596639 0.00210084033613 0.0903361344538 
0.28801843318 0.00230414746544 0.278801843318 0.251152073733 0.108294930876 0.00691244239631 0.00230414746544 0.0576036866359 0.00230414746544 0.00230414746544 
0.0034965034965 0.0174825174825 0.0104895104895 0.101398601399 0.276223776224 0.164335664336 0.0244755244755 0.332167832168 0.0594405594406 0.0104895104895 
0.00185185185185 0.364814814815 0.0611111111111 0.305555555556 0.0166666666667 0.00185185185185 0.146296296296 0.012962962963 0.0277777777778 0.0611111111111 
0.0191256830601 0.172131147541 0.0355191256831 0.407103825137 0.00273224043716 0.00819672131148 0.0245901639344 0.0136612021858 0.0136612021858 0.303278688525 
0.25 0.0760869565217 0.184782608696 0.0108695652174 0.0108695652174 0.0108695652174 0.0760869565217 0.315217391304 0.0108695652174 0.054347826087 
0.00231481481481 0.474537037037 0.113425925926 0.113425925926 0.0486111111111 0.0115740740741 0.0439814814815 0.00231481481481 0.0115740740741 0.178240740741 
0.4275 0.0075 0.1875 0.1725 0.0175 0.0525 0.0375 0.0025 0.0125 0.0825 
0.0326923076923 0.228846153846 0.00192307692308 0.213461538462 0.109615384615 0.109615384615 0.132692307692 0.025 0.0403846153846 0.105769230769 
0.0377906976744 0.398255813953 0.00290697674419 0.258720930233 0.0145348837209 0.00290697674419 0.0494186046512 0.00290697674419 0.101744186047 0.130813953488 
0.0106837606838 0.433760683761 0.0277777777778 0.160256410256 0.113247863248 0.0192307692308 0.0448717948718 0.00213675213675 0.00213675213675 0.185897435897 
0.0245098039216 0.455882352941 0.210784313725 0.0245098039216 0.00490196078431 0.0539215686275 0.0637254901961 0.151960784314 0.00490196078431 0.00490196078431 
0.00116009280742 0.00580046403712 0.0661252900232 0.416473317865 0.0591647331787 0.0197215777262 0.381670533643 0.00580046403712 0.00116009280742 0.0429234338747 
0.0347222222222 0.108796296296 0.141203703704 0.266203703704 0.0717592592593 0.0625 0.0115740740741 0.289351851852 0.00231481481481 0.0115740740741 
0.517937219731 0.0067264573991 0.177130044843 0.042600896861 0.0201793721973 0.181614349776 0.0201793721973 0.0156950672646 0.0156950672646 0.00224215246637 
0.0209580838323 0.637724550898 0.00898203592814 0.0209580838323 0.0209580838323 0.0149700598802 0.260479041916 0.00299401197605 0.00299401197605 0.00898203592814 
0.0656565656566 0.146464646465 0.146464646465 0.0151515151515 0.156565656566 0.0454545454545 0.00505050505051 0.00505050505051 0.00505050505051 0.409090909091 
0.00387596899225 0.259689922481 0.0116279069767 0.0116279069767 0.0348837209302 0.360465116279 0.143410852713 0.166666666667 0.00387596899225 0.00387596899225 
0.00420168067227 0.0378151260504 0.0126050420168 0.189075630252 0.13025210084 0.00420168067227 0.600840336134 0.00420168067227 0.00420168067227 0.0126050420168 
0.0220883534137 0.0100401606426 0.0261044176707 0.0180722891566 0.596385542169 0.0341365461847 0.0341365461847 0.066265060241 0.186746987952 0.00602409638554 
0.0104895104895 0.0104895104895 0.0384615384615 0.206293706294 0.0034965034965 0.0174825174825 0.688811188811 0.0034965034965 0.0104895104895 0.0104895104895 
0.0794930875576 0.0541474654378 0.0495391705069 0.531105990783 0.104838709677 0.044930875576 0.0472350230415 0.065668202765 0.0218894009217 0.00115207373272 
0.0121951219512 0.247967479675 0.020325203252 0.19918699187 0.174796747967 0.158536585366 0.0447154471545 0.00406504065041 0.00406504065041 0.134146341463 
0.0294117647059 0.330065359477 0.00326797385621 0.192810457516 0.0359477124183 0.016339869281 0.258169934641 0.00980392156863 0.0751633986928 0.0490196078431 
0.00335570469799 0.419463087248 0.0234899328859 0.0838926174497 0.0637583892617 0.00335570469799 0.0637583892617 0.0234899328859 0.0234899328859 0.291946308725 
0.0120192307692 0.00240384615385 0.0408653846154 0.00240384615385 0.175480769231 0.0360576923077 0.694711538462 0.0216346153846 0.00721153846154 0.00721153846154 
0.0144694533762 0.0016077170418 0.0176848874598 0.101286173633 0.175241157556 0.107717041801 0.496784565916 0.040192926045 0.0176848874598 0.0273311897106 
0.0432098765432 0.0267489711934 0.376543209877 0.0473251028807 0.0185185185185 0.0102880658436 0.0102880658436 0.417695473251 0.0473251028807 0.00205761316872 
0.0192307692308 0.339743589744 0.00641025641026 0.00641025641026 0.198717948718 0.365384615385 0.0192307692308 0.0320512820513 0.00641025641026 0.00641025641026 
0.0193798449612 0.236434108527 0.0116279069767 0.0193798449612 0.298449612403 0.0736434108527 0.0193798449612 0.0193798449612 0.00387596899225 0.298449612403 
0.00980392156863 0.140522875817 0.0359477124183 0.192810457516 0.147058823529 0.00980392156863 0.016339869281 0.00326797385621 0.00326797385621 0.441176470588 
0.00684931506849 0.0479452054795 0.00228310502283 0.385844748858 0.0479452054795 0.244292237443 0.12100456621 0.0799086757991 0.00228310502283 0.0616438356164 
0.0211267605634 0.0211267605634 0.00234741784038 0.194835680751 0.00234741784038 0.570422535211 0.100938967136 0.0258215962441 0.0586854460094 0.00234741784038 
0.025 0.261363636364 0.0568181818182 0.220454545455 0.00227272727273 0.00681818181818 0.379545454545 0.0386363636364 0.00681818181818 0.00227272727273 
0.134090909091 0.00227272727273 0.0477272727273 0.120454545455 0.425 0.115909090909 0.0159090909091 0.0613636363636 0.0659090909091 0.0113636363636 
0.159836065574 0.266393442623 0.00409836065574 0.0122950819672 0.00409836065574 0.52868852459 0.00409836065574 0.0122950819672 0.00409836065574 0.00409836065574 
0.00324675324675 0.353896103896 0.0746753246753 0.00974025974026 0.0422077922078 0.113636363636 0.321428571429 0.0616883116883 0.00324675324675 0.0162337662338 
0.237430167598 0.142458100559 0.175977653631 0.0139664804469 0.00279329608939 0.125698324022 0.0195530726257 0.00837988826816 0.18156424581 0.0921787709497 
0.00344827586207 0.127586206897 0.293103448276 0.120689655172 0.106896551724 0.189655172414 0.0655172413793 0.00344827586207 0.0862068965517 0.00344827586207 
0.0904255319149 0.303191489362 0.132978723404 0.0797872340426 0.00531914893617 0.0478723404255 0.196808510638 0.0265957446809 0.00531914893617 0.11170212766 
0.15445026178 0.15445026178 0.0235602094241 0.0497382198953 0.416230366492 0.0130890052356 0.0916230366492 0.0602094240838 0.0130890052356 0.0235602094241 
0.225247524752 0.00742574257426 0.378712871287 0.165841584158 0.0173267326733 0.0569306930693 0.0816831683168 0.0123762376238 0.0123762376238 0.0420792079208 
0.00877192982456 0.301169590643 0.00292397660819 0.213450292398 0.0321637426901 0.388888888889 0.0204678362573 0.0263157894737 0.00292397660819 0.00292397660819 
0.00612244897959 0.0102040816327 0.0224489795918 0.528571428571 0.144897959184 0.0428571428571 0.00204081632653 0.238775510204 0.00204081632653 0.00204081632653 
0.161016949153 0.0254237288136 0.0254237288136 0.00847457627119 0.177966101695 0.466101694915 0.0423728813559 0.0593220338983 0.0254237288136 0.00847457627119 
0.00467289719626 0.303738317757 0.238317757009 0.116822429907 0.200934579439 0.0233644859813 0.0140186915888 0.0140186915888 0.0140186915888 0.0700934579439 
0.00347222222222 0.0104166666667 0.00347222222222 0.385416666667 0.0659722222222 0.0520833333333 0.440972222222 0.0173611111111 0.0173611111111 0.00347222222222 
0.0368421052632 0.268421052632 0.110526315789 0.0578947368421 0.0263157894737 0.00526315789474 0.0894736842105 0.00526315789474 0.00526315789474 0.394736842105 
0.0308988764045 0.542134831461 0.00842696629213 0.126404494382 0.0533707865169 0.00280898876404 0.0814606741573 0.00842696629213 0.00280898876404 0.143258426966 
0.00301204819277 0.527108433735 0.171686746988 0.0150602409639 0.00903614457831 0.00301204819277 0.0331325301205 0.123493975904 0.0451807228916 0.0692771084337 
0.0089928057554 0.152877697842 0.0197841726619 0.419064748201 0.0269784172662 0.023381294964 0.0341726618705 0.142086330935 0.0161870503597 0.156474820144 
0.00290697674419 0.171511627907 0.00290697674419 0.433139534884 0.148255813953 0.142441860465 0.00290697674419 0.031976744186 0.0436046511628 0.0203488372093 
0.00230414746544 0.0345622119816 0.209677419355 0.274193548387 0.195852534562 0.0207373271889 0.00230414746544 0.149769585253 0.00230414746544 0.108294930876 
0.0047619047619 0.290476190476 0.0333333333333 0.0047619047619 0.052380952381 0.585714285714 0.0047619047619 0.0047619047619 0.0142857142857 0.0047619047619 
0.00130548302872 0.0195822454308 0.0352480417755 0.721932114883 0.0639686684073 0.0169712793734 0.00391644908616 0.00130548302872 0.103133159269 0.032637075718 
0.0215517241379 0.0991379310345 0.0474137931034 0.202586206897 0.426724137931 0.00431034482759 0.0301724137931 0.14224137931 0.0215517241379 0.00431034482759 
0.0157894736842 0.00526315789474 0.110526315789 0.0578947368421 0.0263157894737 0.436842105263 0.321052631579 0.00526315789474 0.0157894736842 0.00526315789474 
0.043661971831 0.00140845070423 0.232394366197 0.39014084507 0.00422535211268 0.102816901408 0.0549295774648 0.0267605633803 0.142253521127 0.00140845070423 
0.070987654321 0.00925925925926 0.0154320987654 0.280864197531 0.305555555556 0.262345679012 0.00308641975309 0.0216049382716 0.00308641975309 0.0277777777778 
0.0449101796407 0.440119760479 0.0149700598802 0.0748502994012 0.0209580838323 0.00898203592814 0.0209580838323 0.0269461077844 0.00299401197605 0.344311377246 
0.003125 0.365625 0.028125 0.003125 0.153125 0.071875 0.053125 0.171875 0.046875 0.103125 
0.0307262569832 0.0139664804469 0.00279329608939 0.00279329608939 0.254189944134 0.00279329608939 0.0195530726257 0.0865921787709 0.432960893855 0.153631284916 
0.00988700564972 0.210451977401 0.0494350282486 0.416666666667 0.0155367231638 0.0381355932203 0.0437853107345 0.00141242937853 0.120056497175 0.0946327683616 
0.00238095238095 0.602380952381 0.0214285714286 0.188095238095 0.00238095238095 0.121428571429 0.00238095238095 0.00714285714286 0.00714285714286 0.0452380952381 
0.00324675324675 0.275974025974 0.00974025974026 0.0681818181818 0.165584415584 0.237012987013 0.0292207792208 0.0162337662338 0.00324675324675 0.191558441558 
0.00271739130435 0.459239130435 0.00271739130435 0.111413043478 0.00815217391304 0.149456521739 0.165760869565 0.0298913043478 0.00271739130435 0.0679347826087 
0.00335570469799 0.110738255034 0.00335570469799 0.191275167785 0.177852348993 0.325503355705 0.171140939597 0.010067114094 0.00335570469799 0.00335570469799 
0.327205882353 0.0257352941176 0.0257352941176 0.0698529411765 0.0110294117647 0.0919117647059 0.00367647058824 0.1875 0.143382352941 0.113970588235 
0.00967741935484 0.00322580645161 0.235483870968 0.293548387097 0.164516129032 0.0483870967742 0.125806451613 0.0290322580645 0.0290322580645 0.0612903225806 
0.014 0.042 0.006 0.506 0.01 0.002 0.398 0.006 0.01 0.006 
0.0141509433962 0.429245283019 0.212264150943 0.00471698113208 0.00471698113208 0.0235849056604 0.221698113208 0.00471698113208 0.00471698113208 0.0801886792453 
0.443231441048 0.0196506550218 0.00218340611354 0.120087336245 0.281659388646 0.00655021834061 0.00655021834061 0.0109170305677 0.102620087336 0.00655021834061 
0.12962962963 0.0679012345679 0.0679012345679 0.00617283950617 0.166666666667 0.425925925926 0.00617283950617 0.104938271605 0.00617283950617 0.0185185185185 
0.0138888888889 0.0138888888889 0.0416666666667 0.152777777778 0.152777777778 0.0601851851852 0.00462962962963 0.0787037037037 0.0138888888889 0.467592592593 
0.271241830065 0.415032679739 0.00980392156863 0.101307189542 0.00326797385621 0.016339869281 0.00980392156863 0.00326797385621 0.147058823529 0.0228758169935 
0.160087719298 0.0679824561404 0.00657894736842 0.56798245614 0.00219298245614 0.00219298245614 0.18201754386 0.00219298245614 0.00219298245614 0.00657894736842 
0.460451977401 0.00282485875706 0.132768361582 0.11581920904 0.0423728813559 0.00847457627119 0.0367231638418 0.00847457627119 0.189265536723 0.00282485875706 
0.0366666666667 0.343333333333 0.07 0.0566666666667 0.396666666667 0.00333333333333 0.01 0.0766666666667 0.00333333333333 0.00333333333333 
0.00297619047619 0.0208333333333 0.0327380952381 0.0327380952381 0.28869047619 0.00892857142857 0.00297619047619 0.1875 0.276785714286 0.145833333333 
0.0047619047619 0.0333333333333 0.185714285714 0.138095238095 0.0047619047619 0.557142857143 0.0333333333333 0.0047619047619 0.0047619047619 0.0333333333333 
0.00191570881226 0.147509578544 0.036398467433 0.155172413793 0.00574712643678 0.17816091954 0.404214559387 0.00191570881226 0.0670498084291 0.00191570881226 
0.0178571428571 0.00357142857143 0.167857142857 0.0392857142857 0.0964285714286 0.00357142857143 0.503571428571 0.125 0.00357142857143 0.0392857142857 
0.0362903225806 0.0362903225806 0.00403225806452 0.221774193548 0.512096774194 0.00403225806452 0.00403225806452 0.00403225806452 0.0120967741935 0.165322580645 
0.00446428571429 0.09375 0.00446428571429 0.0401785714286 0.0491071428571 0.486607142857 0.147321428571 0.00446428571429 0.00446428571429 0.165178571429 
0.0129310344828 0.0905172413793 0.211206896552 0.0215517241379 0.193965517241 0.150862068966 0.0301724137931 0.00431034482759 0.0301724137931 0.254310344828 
0.00520833333333 0.192708333333 0.00520833333333 0.286458333333 0.0885416666667 0.223958333333 0.00520833333333 0.015625 0.00520833333333 0.171875 
0.00260416666667 0.0234375 0.0078125 0.3671875 0.0755208333333 0.0546875 0.00260416666667 0.372395833333 0.00260416666667 0.0911458333333 
0.0466101694915 0.148305084746 0.0550847457627 0.199152542373 0.131355932203 0.021186440678 0.114406779661 0.258474576271 0.0127118644068 0.0127118644068 
0.482142857143 0.125 0.00595238095238 0.0178571428571 0.00595238095238 0.077380952381 0.232142857143 0.00595238095238 0.0416666666667 0.00595238095238 
0.00287356321839 0.0258620689655 0.0545977011494 0.295977011494 0.502873563218 0.0201149425287 0.00287356321839 0.00862068965517 0.00862068965517 0.0775862068966 
0.0380434782609 0.0489130434783 0.222826086957 0.146739130435 0.070652173913 0.298913043478 0.103260869565 0.0489130434783 0.0054347826087 0.0163043478261 
0.00352112676056 0.0950704225352 0.0176056338028 0.00352112676056 0.496478873239 0.200704225352 0.0105633802817 0.109154929577 0.0457746478873 0.0176056338028 
0.0730519480519 0.00162337662338 0.0146103896104 0.400974025974 0.00487012987013 0.0308441558442 0.267857142857 0.00162337662338 0.00162337662338 0.202922077922 
0.0631067961165 0.00485436893204 0.684466019417 0.00485436893204 0.00485436893204 0.0825242718447 0.0145631067961 0.0242718446602 0.111650485437 0.00485436893204 
0.0226130653266 0.0628140703518 0.434673366834 0.0527638190955 0.153266331658 0.00753768844221 0.00753768844221 0.0226130653266 0.22864321608 0.00753768844221 
0.00225225225225 0.105855855856 0.00675675675676 0.0878378378378 0.00225225225225 0.0112612612613 0.0157657657658 0.0923423423423 0.668918918919 0.00675675675676 
0.132508833922 0.00530035335689 0.316254416961 0.302120141343 0.0017667844523 0.030035335689 0.00530035335689 0.171378091873 0.0229681978799 0.0123674911661 
0.440828402367 0.0207100591716 0.233727810651 0.127218934911 0.133136094675 0.0207100591716 0.00295857988166 0.00295857988166 0.0147928994083 0.00295857988166 
0.204280155642 0.00194552529183 0.375486381323 0.336575875486 0.00194552529183 0.00194552529183 0.0408560311284 0.0175097276265 0.00583657587549 0.0136186770428 
0.00446428571429 0.00446428571429 0.0848214285714 0.183035714286 0.290178571429 0.0133928571429 0.00446428571429 0.227678571429 0.00446428571429 0.183035714286 
0.00335570469799 0.00335570469799 0.184563758389 0.0973154362416 0.0838926174497 0.0973154362416 0.171140939597 0.11744966443 0.010067114094 0.231543624161 
0.00246305418719 0.14039408867 0.105911330049 0.273399014778 0.0911330049261 0.00738916256158 0.00738916256158 0.317733990148 0.051724137931 0.00246305418719 
0.0290697674419 0.00968992248062 0.145348837209 0.168604651163 0.0135658914729 0.0717054263566 0.187984496124 0.00581395348837 0.350775193798 0.0174418604651 
0.252808988764 0.316479400749 0.061797752809 0.0430711610487 0.00187265917603 0.114232209738 0.00561797752809 0.00187265917603 0.114232209738 0.0880149812734 
0.00310559006211 0.0590062111801 0.00931677018634 0.00931677018634 0.419254658385 0.00310559006211 0.0155279503106 0.45652173913 0.00310559006211 0.0217391304348 
0.140776699029 0.257281553398 0.179611650485 0.00485436893204 0.0145631067961 0.0825242718447 0.150485436893 0.0145631067961 0.140776699029 0.0145631067961 
0.00297619047619 0.324404761905 0.00892857142857 0.145833333333 0.0744047619048 0.1875 0.0505952380952 0.0684523809524 0.014880952381 0.122023809524 
0.840909090909 0.0227272727273 0.0883838383838 0.0176767676768 0.00252525252525 0.00757575757576 0.00252525252525 0.00252525252525 0.00757575757576 0.00757575757576 
0.00337837837838 0.273648648649 0.165540540541 0.0236486486486 0.0777027027027 0.0304054054054 0.00337837837838 0.226351351351 0.00337837837838 0.192567567568 
0.0177304964539 0.131205673759 0.372340425532 0.0106382978723 0.124113475177 0.00354609929078 0.294326241135 0.00354609929078 0.00354609929078 0.0390070921986 
0.0216666666667 0.168333333333 0.00166666666667 0.298333333333 0.005 0.108333333333 0.015 0.361666666667 0.0183333333333 0.00166666666667 
0.00352112676056 0.116197183099 0.00352112676056 0.0105633802817 0.468309859155 0.00352112676056 0.00352112676056 0.0387323943662 0.00352112676056 0.348591549296 
0.00789473684211 0.286842105263 0.0131578947368 0.202631578947 0.00263157894737 0.00263157894737 0.00263157894737 0.0342105263158 0.0131578947368 0.434210526316 
0.00142857142857 0.13 0.0128571428571 0.201428571429 0.17 0.0157142857143 0.0242857142857 0.381428571429 0.0585714285714 0.00428571428571 
0.00242718446602 0.00242718446602 0.00242718446602 0.162621359223 0.53640776699 0.00728155339806 0.0169902912621 0.220873786408 0.00242718446602 0.0461165048544 
0.0243055555556 0.225694444444 0.03125 0.0590277777778 0.40625 0.00347222222222 0.00347222222222 0.0104166666667 0.232638888889 0.00347222222222 
0.00373134328358 0.138059701493 0.0111940298507 0.0634328358209 0.123134328358 0.205223880597 0.0261194029851 0.361940298507 0.00373134328358 0.0634328358209 
0.0115384615385 0.380769230769 0.0423076923077 0.157692307692 0.0653846153846 0.05 0.165384615385 0.00384615384615 0.0115384615385 0.111538461538 
0.254807692308 0.0336538461538 0.418269230769 0.1875 0.0240384615385 0.00480769230769 0.0144230769231 0.00480769230769 0.0336538461538 0.0240384615385 
0.0243362831858 0.103982300885 0.121681415929 0.329646017699 0.134955752212 0.196902654867 0.0243362831858 0.00221238938053 0.033185840708 0.0287610619469 
0.0198863636364 0.09375 0.00284090909091 0.213068181818 0.360795454545 0.00284090909091 0.00284090909091 0.292613636364 0.00284090909091 0.00852272727273 
0.0109649122807 0.168859649123 0.0197368421053 0.309210526316 0.0592105263158 0.0460526315789 0.0285087719298 0.0504385964912 0.0548245614035 0.252192982456 
0.00238095238095 0.0214285714286 0.345238095238 0.359523809524 0.0214285714286 0.00238095238095 0.0309523809524 0.192857142857 0.00714285714286 0.0166666666667 
0.0134408602151 0.0188172043011 0.206989247312 0.163978494624 0.0994623655914 0.00806451612903 0.373655913978 0.0833333333333 0.0134408602151 0.0188172043011 
0.0360824742268 0.00515463917526 0.335051546392 0.149484536082 0.0257731958763 0.0257731958763 0.0154639175258 0.211340206186 0.190721649485 0.00515463917526 
0.00735294117647 0.566176470588 0.110294117647 0.00735294117647 0.00735294117647 0.0514705882353 0.0514705882353 0.00735294117647 0.0220588235294 0.169117647059 
0.0286624203822 0.0286624203822 0.0414012738854 0.175159235669 0.0286624203822 0.0031847133758 0.455414012739 0.0859872611465 0.015923566879 0.136942675159 
0.00277777777778 0.158333333333 0.00277777777778 0.219444444444 0.0361111111111 0.00277777777778 0.313888888889 0.0194444444444 0.0305555555556 0.213888888889 
0.0189873417722 0.196202531646 0.183544303797 0.0696202531646 0.0189873417722 0.0569620253165 0.411392405063 0.0316455696203 0.00632911392405 0.00632911392405 
0.00352112676056 0.00352112676056 0.0176056338028 0.426056338028 0.18661971831 0.137323943662 0.00352112676056 0.158450704225 0.00352112676056 0.0598591549296 
0.170103092784 0.0257731958763 0.386597938144 0.0154639175258 0.118556701031 0.10824742268 0.00515463917526 0.0463917525773 0.00515463917526 0.118556701031 
0.0496183206107 0.125954198473 0.00381679389313 0.156488549618 0.240458015267 0.00381679389313 0.0496183206107 0.179389312977 0.00381679389313 0.187022900763 
0.00471698113208 0.551886792453 0.00471698113208 0.117924528302 0.00471698113208 0.0235849056604 0.00471698113208 0.00471698113208 0.00471698113208 0.278301886792 
0.00166112956811 0.456810631229 0.137873754153 0.0847176079734 0.00166112956811 0.0215946843854 0.031561461794 0.18438538206 0.0647840531561 0.014950166113 
0.417050691244 0.0161290322581 0.00230414746544 0.108294930876 0.0115207373272 0.251152073733 0.00230414746544 0.00691244239631 0.154377880184 0.0299539170507 
0.00515463917526 0.118556701031 0.128865979381 0.00515463917526 0.139175257732 0.355670103093 0.0154639175258 0.0567010309278 0.0257731958763 0.149484536082 
0.00588235294118 0.0529411764706 0.00588235294118 0.00588235294118 0.429411764706 0.158823529412 0.00588235294118 0.3 0.0294117647059 0.00588235294118 
0.00378787878788 0.549242424242 0.00378787878788 0.00378787878788 0.185606060606 0.125 0.00378787878788 0.0113636363636 0.0113636363636 0.102272727273 
0.0804455445545 0.00123762376238 0.238861386139 0.201732673267 0.00123762376238 0.00123762376238 0.00123762376238 0.464108910891 0.00866336633663 0.00123762376238 
0.00413223140496 0.351239669421 0.0206611570248 0.00413223140496 0.0123966942149 0.095041322314 0.0702479338843 0.00413223140496 0.00413223140496 0.433884297521 
0.101208459215 0.0981873111782 0.566465256798 0.13746223565 0.00151057401813 0.0558912386707 0.00151057401813 0.0196374622356 0.00453172205438 0.0135951661631 
0.0510204081633 0.479591836735 0.15306122449 0.0102040816327 0.030612244898 0.0102040816327 0.030612244898 0.030612244898 0.0102040816327 0.19387755102 
0.15625 0.103365384615 0.213942307692 0.180288461538 0.00721153846154 0.252403846154 0.03125 0.00721153846154 0.0456730769231 0.00240384615385 
0.0106382978723 0.00354609929078 0.117021276596 0.301418439716 0.0390070921986 0.00354609929078 0.443262411348 0.0177304964539 0.0460992907801 0.0177304964539 
0.23 0.21 0.00333333333333 0.0233333333333 0.00333333333333 0.13 0.0766666666667 0.00333333333333 0.29 0.03 
0.419491525424 0.0720338983051 0.0550847457627 0.199152542373 0.131355932203 0.00423728813559 0.0720338983051 0.0127118644068 0.00423728813559 0.0296610169492 
0.00961538461538 0.259615384615 0.394230769231 0.0288461538462 0.0865384615385 0.0288461538462 0.0288461538462 0.0673076923077 0.0288461538462 0.0673076923077 
0.0294117647059 0.0378151260504 0.0126050420168 0.046218487395 0.516806722689 0.063025210084 0.0126050420168 0.0126050420168 0.138655462185 0.13025210084 
0.0116279069767 0.00387596899225 0.143410852713 0.0426356589147 0.507751937984 0.0193798449612 0.0503875968992 0.0736434108527 0.00387596899225 0.143410852713 
0.00306748466258 0.266871165644 0.00306748466258 0.187116564417 0.058282208589 0.205521472393 0.00306748466258 0.00306748466258 0.00306748466258 0.266871165644 
0.0030487804878 0.17987804878 0.015243902439 0.0396341463415 0.667682926829 0.0518292682927 0.0030487804878 0.0274390243902 0.00914634146341 0.0030487804878 
0.140909090909 0.00454545454545 0.322727272727 0.0136363636364 0.00454545454545 0.00454545454545 0.486363636364 0.0136363636364 0.00454545454545 0.00454545454545 
0.0031847133758 0.213375796178 0.0222929936306 0.0923566878981 0.0987261146497 0.0222929936306 0.0031847133758 0.015923566879 0.187898089172 0.34076433121 
0.161458333333 0.00520833333333 0.015625 0.401041666667 0.046875 0.223958333333 0.00520833333333 0.119791666667 0.00520833333333 0.015625 
0.0235849056604 0.193396226415 0.00471698113208 0.061320754717 0.00471698113208 0.0141509433962 0.655660377358 0.0235849056604 0.00471698113208 0.0141509433962 
0.00574712643678 0.304597701149 0.224137931034 0.0172413793103 0.00574712643678 0.0287356321839 0.201149425287 0.0172413793103 0.00574712643678 0.189655172414 
0.00274725274725 0.0137362637363 0.156593406593 0.0521978021978 0.0192307692308 0.343406593407 0.370879120879 0.00824175824176 0.00274725274725 0.0302197802198 
0.025 0.441666666667 0.00833333333333 0.075 0.208333333333 0.0416666666667 0.0583333333333 0.00833333333333 0.00833333333333 0.125 
0.0800970873786 0.0655339805825 0.114077669903 0.356796116505 0.347087378641 0.0169902912621 0.00242718446602 0.00728155339806 0.00242718446602 0.00728155339806 
0.0436507936508 0.0436507936508 0.00396825396825 0.210317460317 0.00396825396825 0.59126984127 0.0119047619048 0.00396825396825 0.0674603174603 0.0198412698413 
0.0944700460829 0.0576036866359 0.0115207373272 0.0668202764977 0.00691244239631 0.0115207373272 0.00230414746544 0.523041474654 0.205069124424 0.0207373271889 
0.00872093023256 0.148255813953 0.177325581395 0.299418604651 0.0726744186047 0.0726744186047 0.00290697674419 0.136627906977 0.0726744186047 0.00872093023256 
0.0368421052632 0.0157894736842 0.00526315789474 0.0157894736842 0.0157894736842 0.342105263158 0.226315789474 0.00526315789474 0.00526315789474 0.331578947368 
0.358585858586 0.00505050505051 0.308080808081 0.0555555555556 0.237373737374 0.00505050505051 0.00505050505051 0.00505050505051 0.00505050505051 0.0151515151515 
0.00641025641026 0.339743589744 0.00641025641026 0.0192307692308 0.237179487179 0.0320512820513 0.0192307692308 0.00641025641026 0.0192307692308 0.314102564103 
0.0724299065421 0.0116822429907 0.21261682243 0.226635514019 0.0116822429907 0.00233644859813 0.035046728972 0.390186915888 0.035046728972 0.00233644859813 
0.386029411765 0.143382352941 0.297794117647 0.0477941176471 0.00367647058824 0.0698529411765 0.0257352941176 0.00367647058824 0.0110294117647 0.0110294117647 
0.0221674876847 0.00246305418719 0.0862068965517 0.0418719211823 0.431034482759 0.00246305418719 0.0172413793103 0.233990147783 0.0418719211823 0.120689655172 
0.00635593220339 0.0402542372881 0.0021186440678 0.0572033898305 0.209745762712 0.00635593220339 0.010593220339 0.578389830508 0.0614406779661 0.0275423728814 
0.0220125786164 0.0408805031447 0.349056603774 0.00314465408805 0.261006289308 0.0660377358491 0.0283018867925 0.191823899371 0.0157232704403 0.0220125786164 
0.431547619048 0.00892857142857 0.431547619048 0.014880952381 0.0625 0.014880952381 0.00892857142857 0.014880952381 0.00892857142857 0.00297619047619 
0.00675675675676 0.0337837837838 0.00675675675676 0.0202702702703 0.0202702702703 0.00675675675676 0.00675675675676 0.601351351351 0.114864864865 0.182432432432 
0.00490196078431 0.0147058823529 0.446078431373 0.00490196078431 0.191176470588 0.00490196078431 0.00490196078431 0.269607843137 0.00490196078431 0.0539215686275 
0.0681818181818 0.377272727273 0.0863636363636 0.05 0.25 0.0409090909091 0.0136363636364 0.0772727272727 0.00454545454545 0.0318181818182 
0.132508833922 0.00530035335689 0.227915194346 0.418727915194 0.0017667844523 0.0159010600707 0.181978798587 0.00530035335689 0.0017667844523 0.00883392226148 
0.00614754098361 0.00204918032787 0.170081967213 0.34631147541 0.0102459016393 0.00204918032787 0.0102459016393 0.28893442623 0.00204918032787 0.161885245902 
0.466101694915 0.00282485875706 0.189265536723 0.245762711864 0.00282485875706 0.0141242937853 0.00282485875706 0.0310734463277 0.00282485875706 0.0423728813559 
0.190647482014 0.00359712230216 0.23381294964 0.262589928058 0.0467625899281 0.0611510791367 0.0179856115108 0.169064748201 0.0107913669065 0.00359712230216 
0.00322580645161 0.0290322580645 0.041935483871 0.00322580645161 0.190322580645 0.577419354839 0.0483870967742 0.0806451612903 0.0161290322581 0.00967741935484 
0.0291005291005 0.00793650793651 0.0238095238095 0.145502645503 0.0238095238095 0.145502645503 0.584656084656 0.0185185185185 0.00793650793651 0.0132275132275 
0.00144927536232 0.140579710145 0.00144927536232 0.471014492754 0.178260869565 0.184057971014 0.00144927536232 0.0159420289855 0.00144927536232 0.00434782608696 
0.00688073394495 0.00688073394495 0.00229357798165 0.254587155963 0.00688073394495 0.00688073394495 0.0665137614679 0.635321100917 0.00688073394495 0.00688073394495 
0.0412087912088 0.129120879121 0.0412087912088 0.00274725274725 0.0521978021978 0.107142857143 0.00274725274725 0.00274725274725 0.425824175824 0.195054945055 
0.0711538461538 0.336538461538 0.0134615384615 0.113461538462 0.075 0.00576923076923 0.0865384615385 0.00576923076923 0.0134615384615 0.278846153846 
0.558536585366 0.0317073170732 0.080487804878 0.00243902439024 0.182926829268 0.0268292682927 0.00731707317073 0.1 0.00731707317073 0.00243902439024 
0.0975215517241 0.397090517241 0.0123922413793 0.329202586207 0.015625 0.0339439655172 0.103987068966 0.000538793103448 0.00592672413793 0.00377155172414 
0.0162337662338 0.0227272727273 0.178571428571 0.00324675324675 0.0357142857143 0.470779220779 0.00324675324675 0.00324675324675 0.243506493506 0.0227272727273 
0.182203389831 0.0127118644068 0.00423728813559 0.275423728814 0.411016949153 0.021186440678 0.0296610169492 0.00423728813559 0.0550847457627 0.00423728813559 
0.226984126984 0.0015873015873 0.068253968254 0.277777777778 0.0269841269841 0.306349206349 0.00793650793651 0.0015873015873 0.0015873015873 0.0809523809524 
0.0028901734104 0.35549132948 0.0028901734104 0.112716763006 0.130057803468 0.0028901734104 0.0202312138728 0.118497109827 0.239884393064 0.014450867052 
0.0866935483871 0.0786290322581 0.167338709677 0.122983870968 0.215725806452 0.122983870968 0.139112903226 0.0584677419355 0.00604838709677 0.00201612903226 
0.243421052632 0.282894736842 0.015350877193 0.133771929825 0.0109649122807 0.00219298245614 0.0328947368421 0.00657894736842 0.203947368421 0.0679824561404 
0.00446428571429 0.21875 0.0669642857143 0.0669642857143 0.477678571429 0.0133928571429 0.0223214285714 0.0580357142857 0.0401785714286 0.03125 
0.010067114094 0.231543624161 0.197986577181 0.137583892617 0.00335570469799 0.010067114094 0.0302013422819 0.345637583893 0.00335570469799 0.0302013422819 
0.0031847133758 0.46178343949 0.0859872611465 0.0031847133758 0.149681528662 0.0732484076433 0.0222929936306 0.0031847133758 0.00955414012739 0.187898089172 
0.00352112676056 0.00352112676056 0.0176056338028 0.179577464789 0.55985915493 0.151408450704 0.0598591549296 0.00352112676056 0.0176056338028 0.00352112676056 
0.0173745173745 0.249034749035 0.0019305019305 0.480694980695 0.15250965251 0.0289575289575 0.0135135135135 0.00965250965251 0.0019305019305 0.0444015444015 
0.00581395348837 0.0174418604651 0.0406976744186 0.308139534884 0.0174418604651 0.00581395348837 0.0174418604651 0.424418604651 0.00581395348837 0.156976744186 
